6000
12000
data loader ok...
(500, 382.7248229980469, 9.04894411277771, 9.045104496002198, 0.015094910438817504)
(1000, 380.1051707267761, 7.620268970489502, 7.620238318443298, 0.012086796579882502)
(12000, 374)
(12000, 374)
('epoch: ', 0, '  ', 0.84833333333333338, 0.84483333333333344)
(500, 370.4408628940582, 6.495773700714111, 6.494852248191833, 0.01426687198318541)
(1000, 370.75029945373535, 5.387872282028198, 5.388181427001953, 0.015400633824989199)
(12000, 374)
(12000, 374)
('epoch: ', 1, '  ', 0.90949999999999986, 0.90766666666666684)
(500, 370.3978040218353, 4.200403734683991, 4.200417781829834, 0.01353360816836357)
(1000, 370.2242102622986, 3.5937405252456665, 3.593545645236969, 0.011940472891554237)
(12000, 374)
(12000, 374)
('epoch: ', 2, '  ', 0.94966666666666666, 0.95016666666666671)
(500, 369.70405411720276, 3.0036659598350526, 3.003709107875824, 0.010508301068097354)
(1000, 370.6029303073883, 2.7894939541816712, 2.7894246044158937, 0.00986062559299171)
(12000, 374)
(12000, 374)
('epoch: ', 3, '  ', 0.96316666666666673, 0.96066666666666678)
(500, 370.35842084884644, 2.4444965448379516, 2.4445476241111757, 0.009068461699411274)
(1000, 371.0658075809479, 2.3559427433013918, 2.3559602465629577, 0.008851040013134479)
(12000, 374)
(12000, 374)
('epoch: ', 4, '  ', 0.96716666666666673, 0.96483333333333332)
(500, 369.9000675678253, 2.113072845697403, 2.1130510375499725, 0.00831018447689712)
(1000, 370.46587204933167, 2.1112163460254667, 2.111255933761597, 0.008259043212980032)
(12000, 374)
(12000, 374)
('epoch: ', 5, '  ', 0.96783333333333343, 0.96716666666666673)
(500, 374.62135004997253, 1.9375630202293397, 1.9375421710014342, 0.007896875894628464)
(1000, 381.9262397289276, 1.953359726667404, 1.953324941635132, 0.007967233465984463)
(12000, 374)
(12000, 374)
('epoch: ', 6, '  ', 0.97533333333333316, 0.97450000000000014)
(500, 381.8489489555359, 1.8105090320110322, 1.8105466256141662, 0.0076517122741788625)
(1000, 382.36019706726074, 1.8504631009101868, 1.8504039795398712, 0.007748458807356655)
(12000, 374)
(12000, 374)
('epoch: ', 7, '  ', 0.97499999999999998, 0.97249999999999992)
(500, 380.2996070384979, 1.6951489243507385, 1.6951954610347748, 0.007370770702138543)
(1000, 380.6707158088684, 1.7836698093414307, 1.783657505273819, 0.007638434222899377)
(12000, 374)
(12000, 374)
('epoch: ', 8, '  ', 0.97333333333333327, 0.97333333333333327)
(500, 380.7255792617798, 1.6740733294487, 1.6740082745552063, 0.007405772814527154)
(1000, 380.1030580997467, 1.7180508708953857, 1.7180221617221831, 0.0075284409699961545)
(12000, 374)
(12000, 374)
('epoch: ', 9, '  ', 0.97966666666666646, 0.97766666666666668)
(500, 381.61604619026184, 1.5987126159667968, 1.5986972346305848, 0.007221801131032407)
(1000, 381.77073907852173, 1.686165147304535, 1.6861436557769776, 0.007428730501793325)
(12000, 374)
(12000, 374)
('epoch: ', 10, '  ', 0.98016666666666674, 0.97883333333333322)
(500, 379.9120478630066, 1.5644611666202546, 1.564475132226944, 0.007159005101770163)
(1000, 380.95277428627014, 1.6216490669250487, 1.6216422848701477, 0.007361521075479686)
(12000, 374)
(12000, 374)
('epoch: ', 11, '  ', 0.97499999999999998, 0.97550000000000003)
(500, 380.7251088619232, 1.5180104649066926, 1.5180202815532684, 0.007112358712591231)
(1000, 380.17422556877136, 1.5900970118045807, 1.5901232388019562, 0.00728461925406009)
(12000, 374)
(12000, 374)
('epoch: ', 12, '  ', 0.97983333333333333, 0.97933333333333328)
(500, 380.6828465461731, 1.4898763629198075, 1.4899338610172272, 0.0070794709296897055)
(1000, 381.3074908256531, 1.5806153132915497, 1.5805426554679871, 0.007298711372539401)
(12000, 374)
(12000, 374)
('epoch: ', 13, '  ', 0.98183333333333334, 0.98116666666666652)
(500, 380.64356541633606, 1.4735035169124604, 1.47347276866436, 0.0070844554016366605)
(1000, 380.3257348537445, 1.531739153265953, 1.5317882801294327, 0.0072283573597669605)
(12000, 374)
(12000, 374)
('epoch: ', 14, '  ', 0.98149999999999993, 0.98250000000000015)
(500, 381.4175384044647, 1.419883693933487, 1.4199193098545075, 0.006960952681489289)
(1000, 381.11757254600525, 1.5149443786144257, 1.5149405519962311, 0.007203034351579845)
(12000, 374)
(12000, 374)
('epoch: ', 15, '  ', 0.98033333333333328, 0.98083333333333333)
(500, 379.9511365890503, 1.408949170589447, 1.4089192979335785, 0.006957482650876045)
(1000, 380.4988343715668, 1.497477549791336, 1.4974684748649598, 0.007175054284743965)
(12000, 374)
(12000, 374)
('epoch: ', 16, '  ', 0.98183333333333334, 0.98199999999999998)
(500, 380.8070182800293, 1.4000531148910522, 1.400054186820984, 0.006914255612529814)
(1000, 380.36204957962036, 1.4870083072185516, 1.4869950060844421, 0.007187092098407447)
(12000, 374)
(12000, 374)
('epoch: ', 17, '  ', 0.98033333333333328, 0.97850000000000004)
(500, 381.32564663887024, 1.391239532351494, 1.391277637243271, 0.00693892630096525)
(1000, 381.16400694847107, 1.4591660017967225, 1.4591200374364852, 0.0071308811996132135)
(12000, 374)
(12000, 374)
('epoch: ', 18, '  ', 0.98266666666666658, 0.98216666666666674)
(500, 381.9623935222626, 1.381261625766754, 1.3812626403570176, 0.006928639430552721)
(1000, 381.01433968544006, 1.4395696009397507, 1.4396624394655229, 0.007080612163990736)
(12000, 374)
(12000, 374)
('epoch: ', 19, '  ', 0.98383333333333345, 0.98316666666666674)
(500, 381.999413728714, 1.3600442106723785, 1.3601455904245376, 0.0068812997918576)
(1000, 381.53981757164, 1.4465243368148804, 1.4465763226747512, 0.007166035684756935)
(12000, 374)
(12000, 374)
('epoch: ', 20, '  ', 0.98383333333333334, 0.98333333333333317)
(500, 381.4013307094574, 1.3450825827121735, 1.3450753746032715, 0.006869248730130494)
(1000, 380.5150291919708, 1.4318190106153488, 1.4318197668790817, 0.0071085665132850405)
(12000, 374)
(12000, 374)
('epoch: ', 21, '  ', 0.9846666666666668, 0.98383333333333334)
(500, 381.37669563293457, 1.3260419034957887, 1.3260823539495468, 0.0067891200836747885)
(1000, 380.7602074146271, 1.417663059949875, 1.4176923923492433, 0.007102453988976776)
(12000, 374)
(12000, 374)
('epoch: ', 22, '  ', 0.98466666666666658, 0.98183333333333334)
(500, 380.9889531135559, 1.3247540127038955, 1.3247532027959823, 0.006869988259859383)
(1000, 381.7568950653076, 1.4036912922859193, 1.4036809128522874, 0.007047551242634654)
(12000, 374)
(12000, 374)
('epoch: ', 23, '  ', 0.98499999999999999, 0.98416666666666663)
(500, 381.5321581363678, 1.3098089059591294, 1.3097758164405824, 0.006818206667900085)
(1000, 380.7633731365204, 1.3943180944919586, 1.3942942416667938, 0.007054725573398173)
(12000, 374)
(12000, 374)
('epoch: ', 24, '  ', 0.9836666666666668, 0.98516666666666663)
(500, 380.8479344844818, 1.3105238052606583, 1.310517746448517, 0.006828601939603687)
(1000, 381.3159294128418, 1.3987850600481033, 1.3988164384365083, 0.007088332197628915)
(12000, 374)
(12000, 374)
('epoch: ', 25, '  ', 0.98683333333333345, 0.9846666666666668)
(500, 381.69694995880127, 1.3088700041770935, 1.3088903164863586, 0.006843142141588032)
(1000, 380.01698064804077, 1.3772545362710953, 1.377220160484314, 0.007039298097603023)
(12000, 374)
(12000, 374)
('epoch: ', 26, '  ', 0.98366666666666658, 0.98266666666666647)
(500, 381.1280243396759, 1.287378288626671, 1.2874188333749772, 0.006752774251624942)
(1000, 381.5678217411041, 1.3698371062278747, 1.3698551087379456, 0.0069874201454222205)
(12000, 374)
(12000, 374)
('epoch: ', 27, '  ', 0.98366666666666658, 0.98483333333333345)
(500, 382.0419707298279, 1.2793718621730805, 1.279339578986168, 0.00677439961116761)
(1000, 379.83460998535156, 1.3613157824277877, 1.3612819225788118, 0.006979279448278248)
(12000, 374)
(12000, 374)
('epoch: ', 28, '  ', 0.98133333333333339, 0.98266666666666658)
(500, 381.06958508491516, 1.2923078234195708, 1.2923356044292449, 0.006836199388839305)
(1000, 380.2976043224335, 1.3619033366441726, 1.3618823226690293, 0.006984764391556382)
(12000, 374)
(12000, 374)
('epoch: ', 29, '  ', 0.98416666666666663, 0.98249999999999993)
(500, 382.16594219207764, 1.2602531813383102, 1.2602196402549743, 0.006760977172292769)
(1000, 381.49173879623413, 1.3588607853651047, 1.3588723109960557, 0.006973712987266481)
(12000, 374)
(12000, 374)
('epoch: ', 30, '  ', 0.98699999999999988, 0.98683333333333323)
(500, 380.5496509075165, 1.2748463653326034, 1.2748954745531083, 0.00678691956680268)
(1000, 379.5765697956085, 1.339291410446167, 1.3392788602113723, 0.006916827658191323)
(12000, 374)
(12000, 374)
('epoch: ', 31, '  ', 0.98299999999999998, 0.98399999999999999)
(500, 372.62018370628357, 1.268150926232338, 1.2681825942993163, 0.0067357248980551955)
(1000, 369.8580439090729, 1.3313378832340241, 1.3313338575363158, 0.006928426955826581)
(12000, 374)
(12000, 374)
('epoch: ', 32, '  ', 0.98549999999999982, 0.98516666666666663)
(500, 370.4198462963104, 1.2489645012617112, 1.2489289902448655, 0.006702880830504)
(1000, 370.4374842643738, 1.3362636270523072, 1.3362647540569306, 0.006933117253705859)
(12000, 374)
(12000, 374)
('epoch: ', 33, '  ', 0.98783333333333334, 0.98650000000000004)
(500, 370.21142578125, 1.264676644563675, 1.2647367537021637, 0.0067281700586900115)
(1000, 369.8422923088074, 1.3407175455093383, 1.3407359796762466, 0.006925348988734186)
(12000, 374)
(12000, 374)
('epoch: ', 34, '  ', 0.98733333333333329, 0.98333333333333339)
(500, 369.7226049900055, 1.2682804596424102, 1.268328821182251, 0.006753392519429326)
(1000, 370.50740361213684, 1.321205323457718, 1.3212406331300734, 0.006888010679744184)
(12000, 374)
(12000, 374)
('epoch: ', 35, '  ', 0.98483333333333345, 0.98366666666666658)
(500, 369.781836271286, 1.2504180262088775, 1.2503719925880432, 0.006698582913726568)
(1000, 370.5122389793396, 1.328250846028328, 1.3281858320236206, 0.006884034662507474)
(12000, 374)
(12000, 374)
('epoch: ', 36, '  ', 0.98450000000000004, 0.98533333333333339)
(500, 371.26490545272827, 1.2414412342309953, 1.2414141656160356, 0.006673305374570191)
(1000, 379.35699582099915, 1.3121702122688292, 1.3121871035099029, 0.006873857719823718)
(12000, 374)
(12000, 374)
('epoch: ', 37, '  ', 0.98383333333333334, 0.98266666666666658)
(500, 381.7013716697693, 1.2388253345489502, 1.2388555504083634, 0.006656420601531863)
(1000, 380.43779397010803, 1.3030798567533493, 1.3030192291736602, 0.006837262785062194)
(12000, 374)
(12000, 374)
('epoch: ', 38, '  ', 0.98683333333333323, 0.98550000000000004)
(500, 381.79305720329285, 1.2241550154685974, 1.2241716067790984, 0.006580017006956041)
(1000, 381.4923965930939, 1.3186364961862564, 1.318611369371414, 0.0068498027194291355)
(12000, 374)
(12000, 374)
('epoch: ', 39, '  ', 0.98916666666666675, 0.98849999999999993)
(500, 381.7565279006958, 1.2005341339111328, 1.2005899136066436, 0.006533812788315117)
(1000, 381.6528232097626, 1.323461725115776, 1.323349728345871, 0.00685676964186132)
(12000, 374)
(12000, 374)
('epoch: ', 40, '  ', 0.98650000000000004, 0.98550000000000004)
(500, 381.360342502594, 1.2079684600830078, 1.2079506704807281, 0.006595489741303026)
(1000, 381.06943941116333, 1.3259244142770767, 1.3259420244693756, 0.006850332112982869)
(12000, 374)
(12000, 374)
('epoch: ', 41, '  ', 0.98383333333333345, 0.98433333333333317)
(500, 381.7334840297699, 1.2170307230949402, 1.217060224890709, 0.006584602458402514)
(1000, 385.3334262371063, 1.288365668773651, 1.2883781628608704, 0.006775058546103537)
(12000, 374)
(12000, 374)
('epoch: ', 42, '  ', 0.98666666666666669, 0.98683333333333345)
(500, 387.6200623512268, 1.211641089439392, 1.211641370654106, 0.006526302983984351)
(1000, 388.751473903656, 1.3041057235002518, 1.3041659537553787, 0.006787514480762183)
(12000, 374)
(12000, 374)
('epoch: ', 43, '  ', 0.98499999999999999, 0.98450000000000004)
(500, 387.3782455921173, 1.2228804998397826, 1.2228503484725952, 0.006605614047497511)
(1000, 388.2925012111664, 1.2922237949371338, 1.2922000350952147, 0.006751429855823517)
(12000, 374)
(12000, 374)
('epoch: ', 44, '  ', 0.98699999999999988, 0.98316666666666652)
(500, 388.14538073539734, 1.2144049923419953, 1.2143282002210618, 0.006543629773892462)
(1000, 388.98022651672363, 1.288914517879486, 1.2889278604984284, 0.006736807644367218)
(12000, 374)
(12000, 374)
('epoch: ', 45, '  ', 0.98833333333333329, 0.98866666666666669)
(500, 388.0817325115204, 1.199366329908371, 1.1993584027290345, 0.006534201676025987)
(1000, 388.68397283554077, 1.286642252087593, 1.2866524150371552, 0.006738441526889801)
(12000, 374)
(12000, 374)
('epoch: ', 46, '  ', 0.98683333333333345, 0.98633333333333328)
(500, 387.91592931747437, 1.2073128069639205, 1.207288914680481, 0.006522164838388562)
(1000, 385.87120246887207, 1.2821835640668868, 1.2822070788145066, 0.006699361273087561)
(12000, 374)
(12000, 374)
('epoch: ', 47, '  ', 0.98733333333333329, 0.98633333333333328)
(500, 381.6893346309662, 1.2026368168592454, 1.2026398062705994, 0.006473631061613559)
(1000, 381.23925137519836, 1.2784118082523346, 1.2784108791351319, 0.0066781284250319005)
(12000, 374)
(12000, 374)
('epoch: ', 48, '  ', 0.9870000000000001, 0.98549999999999982)
(500, 381.25162291526794, 1.2125813419818878, 1.2125500806570053, 0.006503413585014641)
(1000, 380.0570423603058, 1.2887756443023681, 1.2887374703884125, 0.006696079356595874)
(12000, 374)
(12000, 374)
('epoch: ', 49, '  ', 0.98499999999999999, 0.98533333333333339)
(500, 383.84154081344604, 1.1821807693243027, 1.1821786941289902, 0.006448548736050725)
(1000, 381.631954908371, 1.2619025188684463, 1.2618657693862916, 0.006611733036115766)
(12000, 374)
(12000, 374)
('epoch: ', 50, '  ', 0.98666666666666669, 0.98499999999999999)
(500, 381.6086802482605, 1.189411387205124, 1.1894888559579848, 0.006440503565594554)
(1000, 382.3496358394623, 1.2809389330148697, 1.2809189802408218, 0.006684704222716391)
(12000, 374)
(12000, 374)
('epoch: ', 51, '  ', 0.9870000000000001, 0.98633333333333328)
(500, 380.8583335876465, 1.2020343486070633, 1.2020693283081054, 0.006449515974149108)
(1000, 380.84577536582947, 1.239648207306862, 1.2396583559513092, 0.006544746018014848)
(12000, 374)
(12000, 374)
('epoch: ', 52, '  ', 0.98833333333333351, 0.98766666666666669)
(500, 380.5800712108612, 1.1835737929344177, 1.1835770064592361, 0.006365342801436782)
(1000, 380.7900116443634, 1.2729316238164903, 1.272928083539009, 0.006609650692902505)
(12000, 374)
(12000, 374)
('epoch: ', 53, '  ', 0.98733333333333329, 0.98683333333333323)
(500, 380.90223240852356, 1.184510773897171, 1.184515305876732, 0.006373709998093545)
(1000, 380.7605619430542, 1.265116402387619, 1.2651266542673112, 0.006591963479295373)
(12000, 374)
(12000, 374)
('epoch: ', 54, '  ', 0.98766666666666647, 0.98683333333333345)
(500, 381.2119903564453, 1.1843105250597, 1.1843082236051559, 0.006367227696813643)
(1000, 380.64026403427124, 1.2593220818042754, 1.2593178186416627, 0.006550651909783482)
(12000, 374)
(12000, 374)
('epoch: ', 55, '  ', 0.98916666666666653, 0.98583333333333323)
(500, 380.0013003349304, 1.1789405406713487, 1.1789233521223068, 0.006353865008801222)
(1000, 380.72925448417664, 1.2669397577047348, 1.266915787100792, 0.006569223530590534)
(12000, 374)
(12000, 374)
('epoch: ', 56, '  ', 0.98849999999999993, 0.98750000000000004)
(500, 380.9532217979431, 1.192102729678154, 1.1920778777599335, 0.006339032762683928)
(1000, 379.98703241348267, 1.2556727989912033, 1.2556258844137191, 0.006543217747472227)
(12000, 374)
(12000, 374)
('epoch: ', 57, '  ', 0.98916666666666675, 0.9880000000000001)
(500, 382.79395961761475, 1.170509206056595, 1.1705708574056626, 0.006307746357284486)
(1000, 382.4011127948761, 1.2564545578956603, 1.2564598761796952, 0.006523125145584345)
(12000, 374)
(12000, 374)
('epoch: ', 58, '  ', 0.98616666666666664, 0.98416666666666663)
(500, 381.57267904281616, 1.1690458518266678, 1.1691333144903182, 0.006281597688794136)
(1000, 382.23240089416504, 1.2497319589853286, 1.2497221971750259, 0.006493079361505807)
(12000, 374)
(12000, 374)
('epoch: ', 59, '  ', 0.98849999999999993, 0.98633333333333328)
(500, 382.30116868019104, 1.1668264636993408, 1.1667959791421891, 0.006281585875898599)
(1000, 381.934933423996, 1.2671968398094178, 1.2672429082393646, 0.00649901769682765)
(12000, 374)
(12000, 374)
('epoch: ', 60, '  ', 0.98650000000000004, 0.9870000000000001)
(500, 381.8963077068329, 1.164758072733879, 1.164796355009079, 0.006258120145648718)
(1000, 381.41194701194763, 1.246389550089836, 1.2464401367902755, 0.006473200379870832)
(12000, 374)
(12000, 374)
('epoch: ', 61, '  ', 0.98566666666666658, 0.98549999999999982)
(500, 382.25808215141296, 1.1685404174327851, 1.1685221213102341, 0.006275219111703336)
(1000, 381.3421926498413, 1.2689052168130874, 1.268926576733589, 0.0064721250478178265)
(12000, 374)
(12000, 374)
('epoch: ', 62, '  ', 0.98833333333333329, 0.98666666666666658)
(500, 382.9268386363983, 1.1538075873851776, 1.1537979465723038, 0.006207309576682746)
(1000, 381.8993921279907, 1.2576765859127044, 1.257677837252617, 0.0064578962856903675)
(12000, 374)
(12000, 374)
('epoch: ', 63, '  ', 0.9836666666666668, 0.98450000000000004)
(500, 381.62133145332336, 1.1581233664751054, 1.1580965967178345, 0.006184560043737292)
(1000, 381.81744599342346, 1.2537593467235566, 1.2538040140867233, 0.00641867957264185)
(12000, 374)
(12000, 374)
('epoch: ', 64, '  ', 0.98599999999999999, 0.98333333333333339)
(500, 382.87088775634766, 1.1513408819437028, 1.1514082797765732, 0.006200305147096514)
(1000, 381.9194688796997, 1.2441495922803878, 1.2441928361654282, 0.006389219489879906)
(12000, 374)
(12000, 374)
('epoch: ', 65, '  ', 0.98599999999999999, 0.98533333333333339)
(500, 383.15086245536804, 1.1690758899450302, 1.1690507290363312, 0.006185906860046089)
(1000, 381.41908979415894, 1.2426066933870314, 1.2425829570293427, 0.006375544116832316)
(12000, 374)
(12000, 374)
('epoch: ', 66, '  ', 0.98516666666666663, 0.98266666666666658)
(500, 382.4963309764862, 1.155670451760292, 1.1556831248998642, 0.006164495017379522)
(1000, 381.84262323379517, 1.2469118307828904, 1.2468503801822661, 0.006386381467804313)
(12000, 374)
(12000, 374)
('epoch: ', 67, '  ', 0.98416666666666663, 0.98249999999999993)
(500, 382.2176101207733, 1.1739100894927978, 1.1738821806907653, 0.006189298005774617)
(1000, 372.46479964256287, 1.2391349400281906, 1.2391091437339783, 0.006378320896066725)
(12000, 374)
(12000, 374)
('epoch: ', 68, '  ', 0.98533333333333339, 0.98516666666666663)
(500, 375.63383531570435, 1.1638280112743378, 1.1638066704273224, 0.006147360931150615)
(1000, 381.7150318622589, 1.236872367978096, 1.236887820005417, 0.00635802327375859)
(12000, 374)
(12000, 374)
('epoch: ', 69, '  ', 0.98599999999999999, 0.98449999999999993)
(500, 381.6595256328583, 1.1609682606458664, 1.1609637387990952, 0.00615933308377862)
(1000, 381.2378160953522, 1.239201505303383, 1.2391810653209687, 0.00633378585986793)
(12000, 374)
(12000, 374)
('epoch: ', 70, '  ', 0.9870000000000001, 0.98433333333333339)
(500, 383.0166664123535, 1.1446645132303237, 1.144650955915451, 0.006079922494478524)
(1000, 381.5791347026825, 1.224104400753975, 1.2241040892601014, 0.0062956388406455515)
(12000, 374)
(12000, 374)
('epoch: ', 71, '  ', 0.98949999999999994, 0.98716666666666664)
(500, 383.0400092601776, 1.1490185369253159, 1.1489917923212052, 0.006087280792184174)
(1000, 381.87399792671204, 1.2569747124910355, 1.256910571217537, 0.0063454268956556915)
(12000, 374)
(12000, 374)
('epoch: ', 72, '  ', 0.98783333333333323, 0.98733333333333329)
(500, 382.8648569583893, 1.1527144057750702, 1.152658545255661, 0.006089706599712372)
(1000, 381.5760500431061, 1.2398738805055618, 1.239894221663475, 0.006310150227509439)
(12000, 374)
(12000, 374)
('epoch: ', 73, '  ', 0.98650000000000004, 0.98666666666666669)
(500, 382.04558992385864, 1.1490864396095275, 1.1491188050508498, 0.006082493732683361)
(1000, 380.9021825790405, 1.2206270432472228, 1.2206272151470183, 0.006246628567576408)
(12000, 374)
(12000, 374)
('epoch: ', 74, '  ', 0.98816666666666664, 0.98666666666666669)
(500, 381.2794349193573, 1.1441110092401505, 1.1441284601688384, 0.006054873333312571)
(1000, 380.9577569961548, 1.2329585416316986, 1.2329944287538528, 0.006259710512124002)
(12000, 374)
(12000, 374)
('epoch: ', 75, '  ', 0.98499999999999999, 0.98383333333333345)
(500, 381.85289788246155, 1.1365759884119033, 1.1365876256227494, 0.006034713733941316)
(1000, 381.46701979637146, 1.235426325917244, 1.2354877960681916, 0.006258588353171945)
(12000, 374)
(12000, 374)
('epoch: ', 76, '  ', 0.98666666666666669, 0.98716666666666664)
(500, 381.3098132610321, 1.1606313141584397, 1.1606103328466415, 0.006087774812243879)
(1000, 382.4261574745178, 1.2391568813323974, 1.2391422443389892, 0.006264585317112505)
(12000, 374)
(12000, 374)
('epoch: ', 77, '  ', 0.98783333333333334, 0.98550000000000004)
(500, 382.30320143699646, 1.157783474445343, 1.157813112616539, 0.006052445500157774)
(1000, 381.70590472221375, 1.230707005381584, 1.230780732870102, 0.006225534361787141)
(12000, 374)
(12000, 374)
('epoch: ', 78, '  ', 0.98766666666666669, 0.98616666666666664)
(500, 382.20509576797485, 1.1423170632123947, 1.1422986431121827, 0.006012368306517601)
(1000, 381.8175141811371, 1.2378363451957703, 1.2378434408903123, 0.006233219971880317)
(12000, 374)
(12000, 374)
('epoch: ', 79, '  ', 0.98583333333333323, 0.98650000000000004)
(500, 380.4817125797272, 1.136740645289421, 1.1367219996452331, 0.005982886232435703)
(1000, 381.63707661628723, 1.233445648431778, 1.2334946739673613, 0.006235896624624729)
(12000, 374)
(12000, 374)
('epoch: ', 80, '  ', 0.98733333333333329, 0.98633333333333328)
(500, 381.7696945667267, 0.8424199911355972, 0.8424164946079254, 0.002878128652693704)
(1000, 381.5047662258148, 0.7454118101596833, 0.7454443076848983, 0.0019136507655493915)
(12000, 374)
(12000, 374)
('epoch: ', 81, '  ', 0.99233333333333318, 0.99083333333333334)
(500, 381.2228560447693, 0.6638068643212318, 0.6638270471692085, 0.0018595095553901046)
(1000, 380.66306829452515, 0.6481358205676079, 0.6481294999718666, 0.0018706157091073691)
(12000, 374)
(12000, 374)
('epoch: ', 82, '  ', 0.99299999999999999, 0.99283333333333323)
(500, 380.94668436050415, 0.6045472227334976, 0.6045814595818519, 0.001854285025736317)
(1000, 375.139240026474, 0.5879323018193245, 0.5879406624436379, 0.0018699144762940705)
(12000, 374)
(12000, 374)
('epoch: ', 83, '  ', 0.99233333333333318, 0.99216666666666653)
(500, 370.29669857025146, 0.5526384218931198, 0.5526369100213051, 0.0018630235032178462)
(1000, 370.3592767715454, 0.558535037457943, 0.5585252671837807, 0.0018873475485015662)
(12000, 374)
(12000, 374)
('epoch: ', 84, '  ', 0.99283333333333323, 0.99183333333333334)
(500, 370.1502242088318, 0.5192576294839382, 0.5192695676684379, 0.00188139812881127)
(1000, 370.33480739593506, 0.519514213681221, 0.5195083047747612, 0.0019032265858259052)
(12000, 374)
(12000, 374)
('epoch: ', 85, '  ', 0.99166666666666681, 0.99349999999999983)
(500, 370.05695843696594, 0.48659545451402664, 0.48658802086114883, 0.0018980572894215584)
(1000, 369.9904668331146, 0.5100180434584618, 0.5099861620664596, 0.0019299198200460523)
(12000, 374)
(12000, 374)
('epoch: ', 86, '  ', 0.99433333333333329, 0.99199999999999999)
(500, 370.4453935623169, 0.4715387230813503, 0.4715516233444214, 0.0019237914888653904)
(1000, 371.11294889450073, 0.47370451399683955, 0.47370881271362303, 0.0019467704333364963)
(12000, 374)
(12000, 374)
('epoch: ', 87, '  ', 0.99316666666666653, 0.99399999999999999)
(500, 370.3617811203003, 0.4549274696707726, 0.4549534547626972, 0.0019470933864358813)
(1000, 369.72315096855164, 0.45238641154766085, 0.4524101184308529, 0.0019662853095214813)
(12000, 374)
(12000, 374)
('epoch: ', 88, '  ', 0.99450000000000005, 0.99183333333333334)
(500, 380.41998767852783, 0.4317093420922756, 0.4317217772901058, 0.001967879494884983)
(1000, 380.2755217552185, 0.4387912455499172, 0.4388091871738434, 0.001989598598331213)
(12000, 374)
(12000, 374)
('epoch: ', 89, '  ', 0.99416666666666664, 0.99316666666666664)
(500, 381.63663482666016, 0.4176706385314465, 0.4176927267611027, 0.0019887875593267382)
(1000, 380.036908864975, 0.4215308716595173, 0.4215075514912605, 0.0020129524585790932)
(12000, 374)
(12000, 374)
('epoch: ', 90, '  ', 0.99233333333333318, 0.99283333333333323)
(500, 381.5016601085663, 0.41620501917600633, 0.4162014394700527, 0.0020261557861231266)
(1000, 381.4016237258911, 0.41437602740526197, 0.4143797633051872, 0.002042603331618011)
(12000, 374)
(12000, 374)
('epoch: ', 91, '  ', 0.99299999999999999, 0.99316666666666664)
(500, 381.0528247356415, 0.39297090968489645, 0.3929611831903458, 0.002043116021901369)
(1000, 380.115669965744, 0.4059874719381332, 0.40597765493392945, 0.0020696486560627817)
(12000, 374)
(12000, 374)
('epoch: ', 92, '  ', 0.99366666666666659, 0.99433333333333318)
(500, 381.06616497039795, 0.38981288534402847, 0.38982181656360626, 0.002071653485763818)
(1000, 380.31198740005493, 0.4040423272550106, 0.4040612452328205, 0.0021020009270869195)
(12000, 374)
(12000, 374)
('epoch: ', 93, '  ', 0.99383333333333324, 0.99416666666666664)
(500, 374.67233991622925, 0.38111468955874445, 0.3811248286664486, 0.002094996679574251)
(1000, 371.2030258178711, 0.3943763194680214, 0.39438138249516486, 0.0021245401804335417)
(12000, 374)
(12000, 374)
('epoch: ', 94, '  ', 0.99299999999999999, 0.99399999999999999)
(500, 371.481486082077, 0.3693560684323311, 0.36937356540560723, 0.0021161046093329788)
(1000, 371.25588822364807, 0.3924467392861843, 0.3924500293731689, 0.002153311597183347)
(12000, 374)
(12000, 374)
('epoch: ', 95, '  ', 0.99399999999999999, 0.99299999999999999)
(500, 371.1892008781433, 0.3622644748687744, 0.36225315538048747, 0.0021394515694119036)
(1000, 370.74723744392395, 0.38629254487156867, 0.3862520726919174, 0.0021776326010003685)
(12000, 374)
(12000, 374)
('epoch: ', 96, '  ', 0.99266666666666659, 0.99166666666666659)
(500, 370.8959741592407, 0.3651528303027153, 0.36516219264268873, 0.0021723056063055993)
(1000, 370.48731422424316, 0.3794542498886585, 0.3794685575962067, 0.0021994556454010307)
(12000, 374)
(12000, 374)
('epoch: ', 97, '  ', 0.99283333333333323, 0.99266666666666659)
(500, 370.9066596031189, 0.3569030650854111, 0.3568968845307827, 0.0021910000341013075)
(1000, 370.65015935897827, 0.37912868097424507, 0.37914076149463655, 0.00222360180830583)
(12000, 374)
(12000, 374)
('epoch: ', 98, '  ', 0.99133333333333318, 0.99016666666666653)
(500, 371.3355929851532, 0.35347622776031495, 0.35346779417991636, 0.0022141063599847256)
(1000, 379.18503499031067, 0.3755232386291027, 0.37551237219572065, 0.0022469274234026672)
(12000, 374)
(12000, 374)
('epoch: ', 99, '  ', 0.99299999999999999, 0.99349999999999983)
(500, 381.8046362400055, 0.35311483445763586, 0.3531203011870384, 0.0022383810677565636)
(1000, 380.69866967201233, 0.3696842458844185, 0.36969222202897073, 0.002269980349112302)
(12000, 374)
(12000, 374)
('epoch: ', 100, '  ', 0.9946666666666667, 0.99366666666666659)
(500, 381.08220624923706, 0.3466311919093132, 0.34664521208405497, 0.0022563960161060097)
(1000, 380.6697120666504, 0.3702164306342602, 0.3702086450457573, 0.0022949437247589233)
(12000, 374)
(12000, 374)
('epoch: ', 101, '  ', 0.99283333333333323, 0.99166666666666659)
(500, 381.3105411529541, 0.34359241837263105, 0.3435711155235767, 0.002271778522524983)
(1000, 381.19555592536926, 0.37419654354453086, 0.3741805586218834, 0.0023157295132987202)
(12000, 374)
(12000, 374)
('epoch: ', 102, '  ', 0.99199999999999999, 0.99133333333333318)
(500, 381.1024980545044, 0.3505833235681057, 0.3505861596465111, 0.0023038773583248257)
(1000, 380.69512605667114, 0.37279519659280774, 0.37279544153809546, 0.00233275360846892)
(12000, 374)
(12000, 374)
('epoch: ', 103, '  ', 0.99299999999999999, 0.99283333333333323)
(500, 380.80365896224976, 0.3564942370355129, 0.3564854726493359, 0.00232620636979118)
(1000, 374.109228849411, 0.3672331143915653, 0.367224550485611, 0.002352124147582799)
(12000, 374)
(12000, 374)
('epoch: ', 104, '  ', 0.99466666666666659, 0.99316666666666653)
(500, 369.5147018432617, 0.352162016838789, 0.35217815256118773, 0.002342137398663908)
(1000, 371.1328556537628, 0.37559954380989075, 0.37559602335095404, 0.002377198033500463)
(12000, 374)
(12000, 374)
('epoch: ', 105, '  ', 0.99199999999999999, 0.99233333333333318)
(500, 370.3577802181244, 0.3455966374874115, 0.34558308666944504, 0.0023539302279241385)
(1000, 370.32268476486206, 0.3757454192340374, 0.3757395974099636, 0.00239531690813601)
(12000, 374)
(12000, 374)
('epoch: ', 106, '  ', 0.99133333333333318, 0.99066666666666658)
(500, 370.0812768936157, 0.35503378424048426, 0.3550139355361462, 0.0023800366730429233)
(1000, 370.2675132751465, 0.38266581305861475, 0.38266973716020586, 0.0024156569642946124)
(12000, 374)
(12000, 374)
('epoch: ', 107, '  ', 0.99333333333333318, 0.99049999999999994)
(500, 369.86282682418823, 0.34225904843211175, 0.3422599867582321, 0.002381838209927082)
(1000, 370.80561995506287, 0.37968104660511015, 0.3796864635646343, 0.0024245941909030078)
(12000, 374)
(12000, 374)
('epoch: ', 108, '  ', 0.99216666666666664, 0.99049999999999994)
(500, 369.8731300830841, 0.3606833912730217, 0.36069202172756193, 0.0024127603452652694)
(1000, 370.1728003025055, 0.3821093551516533, 0.38212499633431435, 0.0024460218525491654)
(12000, 374)
(12000, 374)
('epoch: ', 109, '  ', 0.99283333333333323, 0.99233333333333318)
(500, 380.0890643596649, 0.3590065243244171, 0.359012477606535, 0.002425433519296348)
(1000, 381.9285423755646, 0.37677746298909187, 0.37680041724443436, 0.0024501453014090656)
(12000, 374)
(12000, 374)
('epoch: ', 110, '  ', 0.99366666666666659, 0.99249999999999994)
(500, 380.6730179786682, 0.29605599004030225, 0.2960662218928337, 0.002248823082074523)
(1000, 380.942435503006, 0.2795089959651232, 0.2795226749330759, 0.0020725777335464956)
(12000, 374)
(12000, 374)
('epoch: ', 111, '  ', 0.9936666666666667, 0.99299999999999999)
(500, 381.31738209724426, 0.2545585512071848, 0.25456448437273504, 0.002042087751906365)
(1000, 381.3200032711029, 0.2587794925868511, 0.25876758579909803, 0.0020388867538422345)
(12000, 374)
(12000, 374)
('epoch: ', 112, '  ', 0.99516666666666664, 0.99216666666666664)
(500, 382.0279150009155, 0.2455266939252615, 0.24551928204298018, 0.002037049333564937)
(1000, 381.56660056114197, 0.24663668709993364, 0.2466188807040453, 0.0020375064900144935)
(12000, 374)
(12000, 374)
('epoch: ', 113, '  ', 0.99399999999999999, 0.99383333333333324)
(500, 381.719767332077, 0.23034174509346486, 0.2303352177888155, 0.0020356188863515853)
(1000, 381.17265939712524, 0.23276423345506192, 0.2327662045955658, 0.002036946767475456)
(12000, 374)
(12000, 374)
('epoch: ', 114, '  ', 0.99550000000000005, 0.99249999999999994)
(500, 381.5203261375427, 0.22331548248231411, 0.22331849505007267, 0.002035762383136898)
(1000, 381.15508365631104, 0.22415910801291467, 0.22415693593025207, 0.0020362893333658576)
(12000, 374)
(12000, 374)
('epoch: ', 115, '  ', 0.9956666666666667, 0.99316666666666664)
(500, 379.9944694042206, 0.22101114024221896, 0.2209964140802622, 0.0020371443224139513)
(1000, 379.98013186454773, 0.2181388368755579, 0.21812965624034406, 0.002037041010800749)
(12000, 374)
(12000, 374)
('epoch: ', 116, '  ', 0.99433333333333329, 0.99350000000000005)
(500, 380.73959708213806, 0.21921818362176418, 0.21920519410073758, 0.0020380352032370866)
(1000, 380.23379278182983, 0.21392005118727683, 0.21393758383393288, 0.0020380584234371783)
(12000, 374)
(12000, 374)
('epoch: ', 117, '  ', 0.99533333333333329, 0.9946666666666667)
(500, 380.598042011261, 0.21281485305726527, 0.21281467206776142, 0.0020388347380794584)
(1000, 380.7544023990631, 0.20793099845945834, 0.20793382841348648, 0.0020392376598902047)
(12000, 374)
(12000, 374)
('epoch: ', 118, '  ', 0.99450000000000005, 0.99383333333333324)
(500, 380.2873501777649, 0.2032825012356043, 0.20327470104396345, 0.002038627641275525)
(1000, 381.3122284412384, 0.20192972733080386, 0.20191994045674802, 0.00203897152794525)
(12000, 374)
(12000, 374)
('epoch: ', 119, '  ', 0.99516666666666664, 0.99199999999999999)
(500, 381.41381454467773, 0.19934465946257116, 0.19934294702112676, 0.002039470340590924)
(1000, 381.5937774181366, 0.19952358222007752, 0.19952204583585262, 0.0020407325290143488)
(12000, 374)
(12000, 374)
('epoch: ', 120, '  ', 0.99299999999999999, 0.99399999999999999)
(500, 379.90575909614563, 0.1967279063165188, 0.1967317530065775, 0.0020407975930720568)
(1000, 380.5525369644165, 0.19487538582086564, 0.19488344603776933, 0.0020416143429465594)
(12000, 374)
(12000, 374)
('epoch: ', 121, '  ', 0.99299999999999999, 0.99299999999999999)
(500, 380.6298222541809, 0.18791478472948075, 0.18790456309914588, 0.0020414154836907983)
(1000, 380.4460368156433, 0.19898518772423268, 0.1990102387368679, 0.0020435099750757218)
(12000, 374)
(12000, 374)
('epoch: ', 122, '  ', 0.99450000000000005, 0.99533333333333329)
(500, 380.5603504180908, 0.18829986360669135, 0.18829663121700288, 0.002042949133552611)
(1000, 380.1796760559082, 0.18779920226335525, 0.1878177067786455, 0.002043269491754472)
(12000, 374)
(12000, 374)
('epoch: ', 123, '  ', 0.99483333333333346, 0.99349999999999983)
(500, 380.3324685096741, 0.18416674222052098, 0.18417023584246636, 0.002043651539832354)
(1000, 380.41599893569946, 0.1834334529042244, 0.1834198892712593, 0.0020447650663554667)
(12000, 374)
(12000, 374)
('epoch: ', 124, '  ', 0.99550000000000005, 0.99350000000000005)
(500, 380.52004885673523, 0.17870106469094754, 0.17870326843857764, 0.0020444070831872525)
(1000, 380.05990958213806, 0.1820845953077078, 0.18208258908987046, 0.0020460308035835624)
(12000, 374)
(12000, 374)
('epoch: ', 125, '  ', 0.99499999999999988, 0.99249999999999994)
(500, 380.1452090740204, 0.1756640461832285, 0.17567851810157298, 0.0020462373625487087)
(1000, 380.5070526599884, 0.17495317237079144, 0.17495342011749745, 0.0020463558775372804)
(12000, 374)
(12000, 374)
('epoch: ', 126, '  ', 0.99450000000000005, 0.99283333333333323)
(500, 379.32137298583984, 0.176148228302598, 0.1761558092236519, 0.002047154060099274)
(1000, 379.84907937049866, 0.17752776268124582, 0.1775258172005415, 0.002048610624857247)
(12000, 374)
(12000, 374)
('epoch: ', 127, '  ', 0.9933333333333334, 0.99316666666666664)
(500, 379.77692008018494, 0.17418850238621236, 0.17417982394993306, 0.0020486078262329102)
(1000, 380.12191438674927, 0.17143158316612245, 0.17140671277046204, 0.0020495608458295463)
(12000, 374)
(12000, 374)
('epoch: ', 128, '  ', 0.99316666666666664, 0.99216666666666664)
(500, 379.8223309516907, 0.16731746827065944, 0.16731707733869552, 0.0020491431360132994)
(1000, 379.3228487968445, 0.17356262244284154, 0.17356377126276493, 0.002051259139087051)
(12000, 374)
(12000, 374)
('epoch: ', 129, '  ', 0.99433333333333329, 0.99399999999999999)
(500, 380.240492105484, 0.1647826691120863, 0.16477899427711964, 0.0020503241810947656)
(1000, 374.6814751625061, 0.16857640370726584, 0.16859426929056645, 0.0020523127745836972)
(12000, 374)
(12000, 374)
('epoch: ', 130, '  ', 0.99533333333333329, 0.99350000000000005)
(500, 370.1207995414734, 0.16277007395029067, 0.1627788564860821, 0.0020517678456380964)
(1000, 370.3699219226837, 0.1647836667895317, 0.16477591283619403, 0.0020531533565372228)
(12000, 374)
(12000, 374)
('epoch: ', 131, '  ', 0.9946666666666667, 0.99416666666666664)
(500, 370.40706419944763, 0.1600773445814848, 0.16007692992687225, 0.002052801195997745)
(1000, 370.1108992099762, 0.1625364387780428, 0.1625202584117651, 0.002054126362781972)
(12000, 374)
(12000, 374)
('epoch: ', 132, '  ', 0.99433333333333329, 0.99250000000000005)
(500, 370.5392243862152, 0.15921402882039548, 0.15922657936811446, 0.002054588853381574)
(1000, 370.2229549884796, 0.16034817449748517, 0.16034676471352577, 0.002055379109457135)
(12000, 374)
(12000, 374)
('epoch: ', 133, '  ', 0.9933333333333334, 0.99366666666666659)
(500, 370.04632663726807, 0.15303682109713554, 0.15303772525489331, 0.0020550298085436226)
(1000, 370.2337255477905, 0.15718995788693427, 0.15718796019256115, 0.002056341838091612)
(12000, 374)
(12000, 374)
('epoch: ', 134, '  ', 0.99299999999999999, 0.99350000000000005)
(500, 370.02322340011597, 0.15070357659459113, 0.15069770909845828, 0.00205606319475919)
(1000, 370.516925573349, 0.1537189100831747, 0.15373144564032554, 0.00205749530903995)
(12000, 374)
(12000, 374)
('epoch: ', 135, '  ', 0.99366666666666659, 0.99366666666666659)
(500, 380.1042950153351, 0.15088132885098457, 0.15088431894779206, 0.0020576182450167835)
(1000, 381.8284680843353, 0.15321263855695724, 0.15320758306980134, 0.002059097608551383)
(12000, 374)
(12000, 374)
('epoch: ', 136, '  ', 0.99450000000000005, 0.9933333333333334)
(500, 380.6375834941864, 0.14786382612586021, 0.14787588919699193, 0.0020588705171830954)
(1000, 379.96257162094116, 0.15102264615893363, 0.15103407610952854, 0.0020604503438808024)
(12000, 374)
(12000, 374)
('epoch: ', 137, '  ', 0.99216666666666653, 0.99199999999999977)
(500, 382.2133958339691, 0.1472914298325777, 0.1472842339873314, 0.002060284996405244)
(1000, 380.6651179790497, 0.14859809720516204, 0.14859849514067172, 0.0020612756400369106)
(12000, 374)
(12000, 374)
('epoch: ', 138, '  ', 0.99433333333333329, 0.9936666666666667)
(500, 380.8099675178528, 0.14304550077021122, 0.1430426387488842, 0.0020612231357954444)
(1000, 381.1330029964447, 0.14662634973227978, 0.1466294549703598, 0.0020627795252949)
(12000, 374)
(12000, 374)
('epoch: ', 139, '  ', 0.99233333333333318, 0.99350000000000005)
(500, 380.50170063972473, 0.14149253371357917, 0.14149599669873714, 0.0020626267958432434)
(1000, 380.2777614593506, 0.14427372068166733, 0.1442699202299118, 0.002064010439440608)
(12000, 374)
(12000, 374)
('epoch: ', 140, '  ', 0.99383333333333324, 0.99216666666666653)
(500, 380.5822455883026, 0.1394822599440813, 0.13948116594552995, 0.002063837102614343)
(1000, 381.3615002632141, 0.14223605796694755, 0.142222782343626, 0.0020650935960002245)
(12000, 374)
(12000, 374)
('epoch: ', 141, '  ', 0.9933333333333334, 0.99366666666666659)
(500, 380.3756277561188, 0.13863046765327453, 0.13864792266488074, 0.0020651420163922012)
(1000, 380.17670583724976, 0.14181334671378135, 0.14180834366381168, 0.002066721638664603)
(12000, 374)
(12000, 374)
('epoch: ', 142, '  ', 0.99416666666666664, 0.99316666666666664)
(500, 382.1271994113922, 0.13510635304450988, 0.13510722543299197, 0.0020660553476773203)
(1000, 380.26371026039124, 0.13927377781271935, 0.13927017237246037, 0.002067789895925671)
(12000, 374)
(12000, 374)
('epoch: ', 143, '  ', 0.99216666666666653, 0.99299999999999999)
(500, 379.9174818992615, 0.13874902525544167, 0.1387433751374483, 0.0020684216171503065)
(1000, 380.70803117752075, 0.13638137286901475, 0.13639237047731875, 0.002068814764730632)
(12000, 374)
(12000, 374)
('epoch: ', 144, '  ', 0.99350000000000005, 0.99216666666666664)
(500, 379.61103868484497, 0.13140783129632472, 0.13141606065630912, 0.0020684685898013414)
(1000, 380.07066822052, 0.1340102796703577, 0.1340005519837141, 0.0020702586537227033)
(12000, 374)
(12000, 374)
('epoch: ', 145, '  ', 0.99216666666666664, 0.98999999999999988)
(500, 380.40962624549866, 0.13030293866991996, 0.13031609077751635, 0.002069786394480616)
(1000, 379.6573295593262, 0.13025461082160472, 0.13025047950446605, 0.0020704492568038406)
(12000, 374)
(12000, 374)
('epoch: ', 146, '  ', 0.99299999999999999, 0.99183333333333334)
(500, 380.49981594085693, 0.12733814452588557, 0.12733935010433198, 0.0020707844886928796)
(1000, 380.9032642841339, 0.12979841157793998, 0.12981425380706788, 0.0020721896244212984)
(12000, 374)
(12000, 374)
('epoch: ', 147, '  ', 0.99283333333333323, 0.99266666666666659)
(500, 380.3188564777374, 0.12497157584130764, 0.1249686427116394, 0.0020721430219709873)
(1000, 379.9634349346161, 0.12844196543097497, 0.12842557148635386, 0.002073409144766629)
(12000, 374)
(12000, 374)
('epoch: ', 148, '  ', 0.99216666666666653, 0.99049999999999994)
(500, 380.1644015312195, 0.1249550803899765, 0.12494616475701333, 0.0020736794294789434)
(1000, 379.6581082344055, 0.12742361479997635, 0.12741385066509248, 0.002074964486528188)
(12000, 374)
(12000, 374)
('epoch: ', 149, '  ', 0.99416666666666664, 0.99316666666666664)
