6000
12000
data loader ok...
(500, 395.92025208473206, 9.413839052200318, 9.412890830993652, 0.020884229052459197)
(1000, 395.05959010124207, 7.89889987373352, 7.900477114677429, 0.015225290121510625)
(12000, 374)
(12000, 374)
('epoch: ', 0, '  ', 0.84266666666666656, 0.84166666666666656)
(500, 395.10853481292725, 6.775440579414368, 6.7744477863311765, 0.013919208742678166)
(1000, 395.1662049293518, 5.78133784198761, 5.781608569145202, 0.015297862833365799)
(12000, 374)
(12000, 374)
('epoch: ', 1, '  ', 0.90816666666666668, 0.90850000000000009)
(500, 395.1536705493927, 4.632337203025818, 4.632382077693939, 0.014445323476567865)
(1000, 396.91249203681946, 3.9170794777870177, 3.9168414368629456, 0.012849966868758202)
(12000, 374)
(12000, 374)
('epoch: ', 2, '  ', 0.93133333333333346, 0.93383333333333329)
(500, 397.4170126914978, 3.199485384941101, 3.1993376750946045, 0.011229253698140382)
(1000, 398.4573097229004, 2.913759386062622, 2.9137058992385865, 0.010491992121562361)
(12000, 374)
(12000, 374)
('epoch: ', 3, '  ', 0.95133333333333336, 0.9484999999999999)
(500, 394.31864953041077, 2.511014166355133, 2.511091327190399, 0.009536785999312998)
(1000, 396.16669034957886, 2.4298175046443937, 2.4299468636512755, 0.009369169134646653)
(12000, 374)
(12000, 374)
('epoch: ', 4, '  ', 0.95816666666666672, 0.95916666666666672)
(500, 395.86495900154114, 2.161256528377533, 2.161376410961151, 0.008746439760550857)
(1000, 395.4042193889618, 2.1499497995376586, 2.150020349740982, 0.008700288761407137)
(12000, 374)
(12000, 374)
('epoch: ', 5, '  ', 0.97183333333333333, 0.97050000000000014)
(500, 396.296897649765, 1.9412904975414276, 1.9413691885471345, 0.008187874384224416)
(1000, 394.99800634384155, 1.966915642261505, 1.9668006432056426, 0.008244387172162533)
(12000, 374)
(12000, 374)
('epoch: ', 6, '  ', 0.97716666666666663, 0.97433333333333327)
(500, 397.96224665641785, 1.8051890287399293, 1.805218687772751, 0.007864577304571867)
(1000, 396.73601722717285, 1.8444492824077605, 1.8443514335155486, 0.00794908956065774)
(12000, 374)
(12000, 374)
('epoch: ', 7, '  ', 0.97333333333333327, 0.97466666666666657)
(500, 396.632746219635, 1.7102843351364136, 1.7102980129718781, 0.0076881082030013205)
(1000, 397.4632320404053, 1.763988900899887, 1.7640898416042328, 0.007866863868199288)
(12000, 374)
(12000, 374)
('epoch: ', 8, '  ', 0.97449999999999992, 0.97333333333333338)
(500, 395.0968713760376, 1.638261822938919, 1.6381058938503266, 0.007521476008929312)
(1000, 396.6327064037323, 1.7050072169303894, 1.7049744744300843, 0.007731025826185942)
(12000, 374)
(12000, 374)
('epoch: ', 9, '  ', 0.97916666666666663, 0.97899999999999987)
(500, 396.21700859069824, 1.6035593607425689, 1.603540384054184, 0.007499539834447205)
(1000, 394.94828701019287, 1.6387681381702424, 1.6388219425678252, 0.007603071379475295)
(12000, 374)
(12000, 374)
('epoch: ', 10, '  ', 0.97683333333333322, 0.97516666666666652)
(500, 396.63702154159546, 1.5159618906974792, 1.5159756677150726, 0.0072754516191780565)
(1000, 396.767653465271, 1.597294983625412, 1.5972507719993592, 0.007524330046027899)
(12000, 374)
(12000, 374)
('epoch: ', 11, '  ', 0.98000000000000009, 0.98016666666666674)
(500, 395.6873309612274, 1.5121364419460297, 1.512102038860321, 0.007309908644296229)
(1000, 396.06375551223755, 1.5608563895225525, 1.5608738214969635, 0.007467972157523036)
(12000, 374)
(12000, 374)
('epoch: ', 12, '  ', 0.98316666666666674, 0.98133333333333339)
(500, 396.67763209342957, 1.4794624996185304, 1.4795428255796432, 0.007233917356468737)
(1000, 398.19647669792175, 1.5415379099845887, 1.5414696156978607, 0.00745547506865114)
(12000, 374)
(12000, 374)
('epoch: ', 13, '  ', 0.98316666666666674, 0.98233333333333339)
(500, 395.6851279735565, 1.4636600172519685, 1.4637268277406692, 0.007221926812082529)
(1000, 396.26152777671814, 1.5009920672178267, 1.500899923801422, 0.007322177178226411)
(12000, 374)
(12000, 374)
('epoch: ', 14, '  ', 0.97983333333333333, 0.98116666666666652)
(500, 397.24800515174866, 1.4074599381685258, 1.4074414538145066, 0.007090850718319416)
(1000, 397.8993167877197, 1.51402965426445, 1.5139984658956527, 0.007395080065354705)
(12000, 374)
(12000, 374)
('epoch: ', 15, '  ', 0.98133333333333339, 0.98100000000000009)
(500, 398.2836570739746, 1.3898604389429092, 1.3897980477809906, 0.007087637807242572)
(1000, 397.8100941181183, 1.4905562114715576, 1.4905648093223571, 0.007356350727379322)
(12000, 374)
(12000, 374)
('epoch: ', 16, '  ', 0.98149999999999993, 0.98250000000000015)
(500, 399.43982458114624, 1.3812688007354736, 1.3813008505105973, 0.007079540399834514)
(1000, 396.91634941101074, 1.4445805441141129, 1.4446425808668137, 0.007250743512064219)
(12000, 374)
(12000, 374)
('epoch: ', 17, '  ', 0.98016666666666663, 0.98066666666666669)
(500, 398.83684945106506, 1.3742683250904084, 1.374229875087738, 0.007053824334405363)
(1000, 397.6293625831604, 1.449067093849182, 1.448999274969101, 0.007252827199175954)
(12000, 374)
(12000, 374)
('epoch: ', 18, '  ', 0.98083333333333333, 0.98000000000000009)
(500, 395.95867371559143, 1.3483674298524857, 1.3483652173280716, 0.006979941640049219)
(1000, 397.7552082538605, 1.4339964331388473, 1.4340831576585769, 0.007251363965682685)
(12000, 374)
(12000, 374)
('epoch: ', 19, '  ', 0.98550000000000004, 0.98566666666666669)
(500, 397.7212862968445, 1.3386124528646468, 1.3386762568950652, 0.00698079863935709)
(1000, 397.42161798477173, 1.4259474323987962, 1.4259305684566497, 0.007225914512760937)
(12000, 374)
(12000, 374)
('epoch: ', 20, '  ', 0.98483333333333345, 0.98433333333333317)
(500, 398.6468894481659, 1.3389471179246903, 1.3389679609537124, 0.007001692961901426)
(1000, 396.908974647522, 1.4129047167301179, 1.412957813501358, 0.007199573920108378)
(12000, 374)
(12000, 374)
('epoch: ', 21, '  ', 0.98383333333333334, 0.98266666666666658)
(500, 398.00951981544495, 1.3237315056324006, 1.323713996052742, 0.006953799068927765)
(1000, 399.97951793670654, 1.4054136061668396, 1.4053558675050735, 0.007186961099505424)
(12000, 374)
(12000, 374)
('epoch: ', 22, '  ', 0.98466666666666658, 0.98466666666666658)
(500, 399.54547476768494, 1.3056536527872085, 1.3056503534317017, 0.006898093237541616)
(1000, 401.45260429382324, 1.3961473135948181, 1.3961203714609147, 0.0071677375454455615)
(12000, 374)
(12000, 374)
('epoch: ', 23, '  ', 0.98499999999999999, 0.98566666666666658)
(500, 397.7123785018921, 1.2945695346593857, 1.2945653367042542, 0.006885902892798185)
(1000, 400.3733608722687, 1.3713838235139846, 1.371393761396408, 0.0071169381625950335)
(12000, 374)
(12000, 374)
('epoch: ', 24, '  ', 0.98550000000000004, 0.98433333333333339)
(500, 399.3980836868286, 1.2932365626096725, 1.2931921937465667, 0.006908521592617035)
(1000, 401.3726980686188, 1.3663417701721192, 1.366369596838951, 0.00710243699606508)
(12000, 374)
(12000, 374)
('epoch: ', 25, '  ', 0.98499999999999999, 0.98533333333333339)
(500, 398.737681388855, 1.2818125522136687, 1.2817773094177247, 0.006864166084676981)
(1000, 400.55028796195984, 1.367027002453804, 1.3670609060525893, 0.007114088469184935)
(12000, 374)
(12000, 374)
('epoch: ', 26, '  ', 0.98299999999999998, 0.98433333333333339)
(500, 398.3359959125519, 1.2586188983917237, 1.258590279340744, 0.006827383407391608)
(1000, 402.78549432754517, 1.3581884750127793, 1.3582117645740508, 0.007089899639599025)
(12000, 374)
(12000, 374)
('epoch: ', 27, '  ', 0.9846666666666668, 0.98349999999999993)
(500, 399.11509799957275, 1.2739017171859741, 1.2738441772460938, 0.006825800224207342)
(1000, 401.73061966896057, 1.3431053062677383, 1.3431566343307495, 0.007056864040903747)
(12000, 374)
(12000, 374)
('epoch: ', 28, '  ', 0.98399999999999999, 0.98350000000000004)
(500, 401.368763923645, 1.2775622806549072, 1.2775648721456527, 0.006836379004642367)
(1000, 401.81192350387573, 1.3523159260749817, 1.352289004445076, 0.007067448917776346)
(12000, 374)
(12000, 374)
('epoch: ', 29, '  ', 0.98466666666666658, 0.98449999999999993)
(500, 400.8494119644165, 1.2509088793992995, 1.2509273726940155, 0.006794394326396286)
(1000, 400.39430928230286, 1.3375168142318725, 1.3375040211677551, 0.007041297872550785)
(12000, 374)
(12000, 374)
('epoch: ', 30, '  ', 0.98533333333333339, 0.98299999999999998)
(500, 399.7059078216553, 1.2273589999675751, 1.2272551840543746, 0.006754409602843225)
(1000, 401.0732727050781, 1.3281584790945054, 1.3280937863588334, 0.006981317339465022)
(12000, 374)
(12000, 374)
('epoch: ', 31, '  ', 0.98383333333333345, 0.9850000000000001)
(500, 400.1420407295227, 1.2418970450162887, 1.2418362993001937, 0.006756912720389664)
(1000, 400.6179585456848, 1.3299446407556534, 1.3298885955810547, 0.006986746024340391)
(12000, 374)
(12000, 374)
('epoch: ', 32, '  ', 0.9850000000000001, 0.98316666666666674)
(500, 400.27839279174805, 1.2402615985870362, 1.2402705405950547, 0.00674911930039525)
(1000, 400.50767493247986, 1.306509722352028, 1.3064790629148484, 0.0069057811638340355)
(12000, 374)
(12000, 374)
('epoch: ', 33, '  ', 0.98183333333333334, 0.98316666666666674)
(500, 400.0676426887512, 1.2433472402095795, 1.2434049074649811, 0.006736844073049724)
(1000, 400.29577565193176, 1.3263572480678558, 1.3263695908784867, 0.006978308647871017)
(12000, 374)
(12000, 374)
('epoch: ', 34, '  ', 0.98316666666666674, 0.98299999999999998)
(500, 399.79201793670654, 1.217979077219963, 1.21803633582592, 0.006696218545548618)
(1000, 398.26742720603943, 1.3085060764551162, 1.3084957107305526, 0.0069490276081487536)
(12000, 374)
(12000, 374)
('epoch: ', 35, '  ', 0.98283333333333334, 0.98283333333333334)
(500, 401.40246319770813, 1.219360471844673, 1.2193500477075576, 0.006695760359056294)
(1000, 400.05596446990967, 1.3099034088850021, 1.309927769780159, 0.006904237385839224)
(12000, 374)
(12000, 374)
('epoch: ', 36, '  ', 0.98416666666666652, 0.98383333333333334)
(500, 400.09274220466614, 1.21890270280838, 1.2189101614952087, 0.006679441645741462)
(1000, 400.17788338661194, 1.314888653755188, 1.3149261968135835, 0.006942365063354373)
(12000, 374)
(12000, 374)
('epoch: ', 37, '  ', 0.9836666666666668, 0.98299999999999998)
(500, 400.3490324020386, 1.2275587196350097, 1.227506512761116, 0.006679829992353916)
(1000, 402.09973073005676, 1.286461657166481, 1.2864545143842696, 0.006850002128630877)
(12000, 374)
(12000, 374)
('epoch: ', 38, '  ', 0.9870000000000001, 0.98699999999999988)
(500, 399.36542558670044, 1.2065884351730347, 1.2065887324810027, 0.006610264452174306)
(1000, 402.23895740509033, 1.3112536424398422, 1.3112192203998565, 0.006891486547887325)
(12000, 374)
(12000, 374)
('epoch: ', 39, '  ', 0.98650000000000004, 0.98533333333333339)
(500, 399.20603346824646, 1.2032956833839417, 1.2032485463619231, 0.0066248395210132)
(1000, 400.38485741615295, 1.281017866373062, 1.2810313061475753, 0.006842155842110515)
(12000, 374)
(12000, 374)
('epoch: ', 40, '  ', 0.98683333333333345, 0.98683333333333345)
(500, 399.32085704803467, 1.192465663433075, 1.192433250784874, 0.006578023764304817)
(1000, 400.8718435764313, 1.296738752245903, 1.296762486934662, 0.00686234868504107)
(12000, 374)
(12000, 374)
('epoch: ', 41, '  ', 0.98616666666666686, 0.98399999999999999)
(500, 399.04283118247986, 1.1747640362977982, 1.1747570230960847, 0.006542176129296422)
(1000, 401.65847635269165, 1.2819602773189545, 1.281985087633133, 0.006775340664200485)
(12000, 374)
(12000, 374)
('epoch: ', 42, '  ', 0.98516666666666663, 0.98750000000000004)
(500, 397.7723476886749, 1.2041304485797881, 1.2041514616012574, 0.006590933551080525)
(1000, 400.6248757839203, 1.2905243026018143, 1.2905547598600386, 0.006801830540411174)
(12000, 374)
(12000, 374)
('epoch: ', 43, '  ', 0.98516666666666663, 0.98616666666666664)
(500, 400.9709074497223, 1.1890725432634353, 1.188990084052086, 0.0065408322466537355)
(1000, 399.4924943447113, 1.2724461517333985, 1.2723978247642518, 0.006763485797680914)
(12000, 374)
(12000, 374)
('epoch: ', 44, '  ', 0.98550000000000004, 0.98349999999999993)
(500, 400.25190448760986, 1.1939675747156142, 1.1939807679653167, 0.00654566858522594)
(1000, 400.00902676582336, 1.26263390314579, 1.2626956713199615, 0.006729741893708706)
(12000, 374)
(12000, 374)
('epoch: ', 45, '  ', 0.98750000000000004, 0.9860000000000001)
(500, 400.36851477622986, 1.1781600127220153, 1.1782497996091843, 0.006478799070231617)
(1000, 400.94415283203125, 1.2795116991996764, 1.2795092897415161, 0.00677359985653311)
(12000, 374)
(12000, 374)
('epoch: ', 46, '  ', 0.98533333333333317, 0.98333333333333339)
(500, 399.7062945365906, 1.1723624175786973, 1.1724017366170882, 0.006492087914608419)
(1000, 400.2944495677948, 1.266123838543892, 1.2661820522546767, 0.006706906137987971)
(12000, 374)
(12000, 374)
('epoch: ', 47, '  ', 0.98733333333333329, 0.98516666666666663)
(500, 399.52203345298767, 1.1857940825223923, 1.1858649569749833, 0.00646781503688544)
(1000, 399.6291124820709, 1.261270427107811, 1.2613210715055465, 0.00671650458406657)
(12000, 374)
(12000, 374)
('epoch: ', 48, '  ', 0.98583333333333345, 0.98649999999999982)
(500, 398.0938365459442, 1.1811298599243165, 1.1811620507240295, 0.006463474039919675)
(1000, 401.2360017299652, 1.258443818807602, 1.258428593993187, 0.006643636024557054)
(12000, 374)
(12000, 374)
('epoch: ', 49, '  ', 0.98566666666666669, 0.98550000000000004)
(500, 399.5712778568268, 1.1765146139860154, 1.1765034555196763, 0.006448574873618782)
(1000, 400.5157833099365, 1.2628405095338822, 1.2628470121622086, 0.006670298486948013)
(12000, 374)
(12000, 374)
('epoch: ', 50, '  ', 0.98550000000000004, 0.98616666666666664)
(500, 399.45041251182556, 1.1649133112430572, 1.1649110645055771, 0.00640819603856653)
(1000, 401.59324836730957, 1.2711470168828964, 1.2712102328538895, 0.0066667327433824536)
(12000, 374)
(12000, 374)
('epoch: ', 51, '  ', 0.98899999999999988, 0.98866666666666669)
(500, 399.9249801635742, 1.1535371304750444, 1.153503203034401, 0.006351190301589668)
(1000, 401.07304859161377, 1.2573763226270676, 1.257335708260536, 0.006618782037869096)
(12000, 374)
(12000, 374)
('epoch: ', 52, '  ', 0.98550000000000004, 0.9860000000000001)
(500, 398.7372603416443, 1.1678312257528305, 1.167814586877823, 0.0064085434963926675)
(1000, 402.19877004623413, 1.2467328691482544, 1.2467202790975571, 0.006608750221319497)
(12000, 374)
(12000, 374)
('epoch: ', 53, '  ', 0.98583333333333323, 0.98449999999999993)
(500, 397.0662281513214, 1.1704354761838913, 1.1704927471876145, 0.006369730887003243)
(1000, 402.23123717308044, 1.2618616007566452, 1.2618670506477356, 0.006601451088674367)
(12000, 374)
(12000, 374)
('epoch: ', 54, '  ', 0.98550000000000004, 0.98516666666666663)
(500, 398.67898297309875, 1.1726895633935928, 1.172701400399208, 0.006358301131986082)
(1000, 400.23639273643494, 1.242635461807251, 1.2426143790483475, 0.006578581100329757)
(12000, 374)
(12000, 374)
('epoch: ', 55, '  ', 0.98633333333333328, 0.98583333333333323)
(500, 399.5675582885742, 1.1623364907503129, 1.1623094962835312, 0.00635290523711592)
(1000, 399.86185598373413, 1.2293694413900376, 1.2293009223937987, 0.006515765879303217)
(12000, 374)
(12000, 374)
('epoch: ', 56, '  ', 0.98383333333333334, 0.98516666666666663)
(500, 398.11645770072937, 1.1812259888648986, 1.1812193232774735, 0.0063732903199270365)
(1000, 402.2107422351837, 1.2559164423942566, 1.2558599376678468, 0.006576091124676168)
(12000, 374)
(12000, 374)
('epoch: ', 57, '  ', 0.98716666666666675, 0.98633333333333328)
(500, 396.1784071922302, 1.1631494228839874, 1.163156018614769, 0.00631777158472687)
(1000, 394.3048267364502, 1.2416854306459426, 1.2416644839048385, 0.006521111915819347)
(12000, 374)
(12000, 374)
('epoch: ', 58, '  ', 0.98750000000000004, 0.98683333333333345)
(500, 395.7828793525696, 1.1522848074436187, 1.152295337677002, 0.006293526692315936)
(1000, 393.3744239807129, 1.2561555873155594, 1.2561024816036224, 0.0065655357781797645)
(12000, 374)
(12000, 374)
('epoch: ', 59, '  ', 0.98616666666666686, 0.98683333333333345)
(500, 394.56795740127563, 1.1606932644844055, 1.16070154607296, 0.0063042784808203575)
(1000, 393.7749180793762, 1.2312435023784638, 1.2311464351415635, 0.006487838978879154)
(12000, 374)
(12000, 374)
('epoch: ', 60, '  ', 0.98783333333333334, 0.98683333333333345)
(500, 395.28504633903503, 1.1666171975135804, 1.166633432507515, 0.006288967959582806)
(1000, 394.8608675003052, 1.224262101173401, 1.2243124241828918, 0.006448687923140824)
(12000, 374)
(12000, 374)
('epoch: ', 61, '  ', 0.98849999999999993, 0.98883333333333334)
(500, 393.82301592826843, 1.1570898596048356, 1.1571084707975388, 0.006262391937896609)
(1000, 391.979558467865, 1.2280765396356583, 1.2281247354745866, 0.00645428249053657)
(12000, 374)
(12000, 374)
('epoch: ', 62, '  ', 0.98349999999999993, 0.98499999999999999)
(500, 394.55969762802124, 1.1467747098207475, 1.1467688537836074, 0.006249922002665698)
(1000, 392.9019591808319, 1.2432548842430116, 1.2432335010766984, 0.006453430310823023)
(12000, 374)
(12000, 374)
('epoch: ', 63, '  ', 0.98766666666666669, 0.9880000000000001)
(500, 395.4978005886078, 1.1699781018495559, 1.1699758365154267, 0.006271726894192397)
(1000, 393.1466646194458, 1.2345409202575683, 1.2345748354196548, 0.006424799555912614)
(12000, 374)
(12000, 374)
('epoch: ', 64, '  ', 0.98766666666666691, 0.98750000000000004)
(500, 394.31458258628845, 1.1468391468524932, 1.146815176129341, 0.00620819656457752)
(1000, 392.8929524421692, 1.2494266340732574, 1.2494353537559508, 0.0064621842242777346)
(12000, 374)
(12000, 374)
('epoch: ', 65, '  ', 0.98699999999999988, 0.98566666666666669)
(500, 395.6658036708832, 1.1522202039957046, 1.1522144054174424, 0.00620428064558655)
(1000, 394.8743908405304, 1.2376506748199463, 1.2376977739334107, 0.006429344187490642)
(12000, 374)
(12000, 374)
('epoch: ', 66, '  ', 0.98716666666666664, 0.98533333333333339)
(500, 393.80476665496826, 1.1532003271579743, 1.1532287172079085, 0.00618809861689806)
(1000, 395.1307966709137, 1.2397527792453766, 1.2397649937868118, 0.006428931320086121)
(12000, 374)
(12000, 374)
('epoch: ', 67, '  ', 0.98716666666666675, 0.9870000000000001)
(500, 393.3852252960205, 1.1442390561103821, 1.1441983824968338, 0.006184905901551247)
(1000, 394.640487909317, 1.22775592815876, 1.2277746953964233, 0.006363982279784977)
(12000, 374)
(12000, 374)
('epoch: ', 68, '  ', 0.98799999999999988, 0.98683333333333323)
(500, 394.6702947616577, 1.1428401114940643, 1.1428418617248535, 0.006124428602866829)
(1000, 391.8082129955292, 1.232010168671608, 1.231979093313217, 0.006386091919615864)
(12000, 374)
(12000, 374)
('epoch: ', 69, '  ', 0.98683333333333345, 0.98816666666666675)
(500, 396.5484182834625, 1.1453276245594024, 1.1453617464303971, 0.006142835603095591)
(1000, 394.09821915626526, 1.2363311079740524, 1.2363472282886505, 0.006366835194639862)
(12000, 374)
(12000, 374)
('epoch: ', 70, '  ', 0.98350000000000004, 0.98616666666666686)
(500, 394.7778420448303, 1.1441234182119369, 1.1441807893514633, 0.006128298982046545)
(1000, 393.2714116573334, 1.2251217978000641, 1.225117760181427, 0.006362266068346799)
(12000, 374)
(12000, 374)
('epoch: ', 71, '  ', 0.98666666666666669, 0.98799999999999988)
(500, 393.4287028312683, 1.147908105969429, 1.1478862414360047, 0.00613216420263052)
(1000, 393.77119517326355, 1.2243964804410934, 1.2244144636392593, 0.006355746945366263)
(12000, 374)
(12000, 374)
('epoch: ', 72, '  ', 0.98750000000000004, 0.98650000000000004)
(500, 394.03279995918274, 1.1589187040328979, 1.1589127073287964, 0.0061467952895909546)
(1000, 394.133962392807, 1.2392685878276826, 1.239245227575302, 0.006357420628890395)
(12000, 374)
(12000, 374)
('epoch: ', 73, '  ', 0.98916666666666675, 0.98883333333333323)
(500, 394.8766403198242, 1.143155861735344, 1.1430699455738067, 0.006100369716994464)
(1000, 392.593302488327, 1.2202128912210464, 1.2202297667264939, 0.00629708750732243)
(12000, 374)
(12000, 374)
('epoch: ', 74, '  ', 0.98766666666666691, 0.98750000000000016)
(500, 393.70860958099365, 1.1407770173549652, 1.1407623553276063, 0.006077429596334696)
(1000, 393.09023690223694, 1.222881935596466, 1.2229279644489288, 0.006302358936518431)
(12000, 374)
(12000, 374)
('epoch: ', 75, '  ', 0.98733333333333329, 0.98549999999999982)
(500, 394.91906452178955, 1.1337778271436691, 1.1337688270807267, 0.006075080394744873)
(1000, 392.93822383880615, 1.2112630393505097, 1.2112490525245667, 0.0062316087735816835)
(12000, 374)
(12000, 374)
('epoch: ', 76, '  ', 0.98666666666666669, 0.98616666666666664)
(500, 393.6162803173065, 1.1389286110401153, 1.138919823884964, 0.006048971437849104)
(1000, 392.4424571990967, 1.2309151763916015, 1.2309136955738067, 0.006269754842855036)
(12000, 374)
(12000, 374)
('epoch: ', 77, '  ', 0.98716666666666664, 0.9880000000000001)
(500, 393.1021692752838, 1.1504226500988006, 1.1503748891353607, 0.006097398524172604)
(1000, 392.4079761505127, 1.2190053499937057, 1.2189568891525269, 0.00624780937936157)
(12000, 374)
(12000, 374)
('epoch: ', 78, '  ', 0.98566666666666669, 0.98399999999999999)
(500, 396.7903859615326, 1.1272973281145096, 1.127296721816063, 0.00599639402795583)
(1000, 393.9780809879303, 1.2349547206163407, 1.23491626393795, 0.006251330254599452)
(12000, 374)
(12000, 374)
('epoch: ', 79, '  ', 0.98516666666666663, 0.98450000000000004)
(500, 394.32767605781555, 1.1377720198631287, 1.1377413235902787, 0.006041725194081664)
(1000, 393.46348094940186, 1.2326064467430116, 1.2325948793888093, 0.006274216080084443)
(12000, 374)
(12000, 374)
('epoch: ', 80, '  ', 0.98866666666666669, 0.98716666666666664)
(500, 394.211532831192, 0.8462125344276428, 0.8462050043940544, 0.0028573704729788004)
(1000, 391.9564878940582, 0.7384558703303337, 0.7384763231277466, 0.00174692085175775)
(12000, 374)
(12000, 374)
('epoch: ', 81, '  ', 0.99149999999999994, 0.99166666666666659)
(500, 392.7817521095276, 0.6653053814768791, 0.6653023945689202, 0.001699811473255977)
(1000, 391.95003390312195, 0.642648474752903, 0.6426487493515015, 0.0016998284719884397)
(12000, 374)
(12000, 374)
('epoch: ', 82, '  ', 0.99166666666666659, 0.99183333333333334)
(500, 394.1042172908783, 0.6084943345785141, 0.6084725397229195, 0.001693317903438583)
(1000, 392.7108964920044, 0.5800775291323662, 0.580087954223156, 0.0016979068976361305)
(12000, 374)
(12000, 374)
('epoch: ', 83, '  ', 0.99399999999999999, 0.99383333333333324)
(500, 396.3339800834656, 0.5559933062195778, 0.5560066404938698, 0.0016999933477491141)
(1000, 392.10767126083374, 0.5523728818893433, 0.5523901038169861, 0.0017200008851941675)
(12000, 374)
(12000, 374)
('epoch: ', 84, '  ', 0.99450000000000005, 0.99366666666666659)
(500, 395.35934114456177, 0.5108296486735344, 0.5108369869887829, 0.001713264545192942)
(1000, 391.02328419685364, 0.5144068633913994, 0.5144121815562248, 0.0017333929701708257)
(12000, 374)
(12000, 374)
('epoch: ', 85, '  ', 0.99483333333333324, 0.99483333333333324)
(500, 395.2746994495392, 0.4943387779593468, 0.49432946464419364, 0.0017404768571723252)
(1000, 394.32531690597534, 0.4940707793235779, 0.49404229468107225, 0.0017590164826251566)
(12000, 374)
(12000, 374)
('epoch: ', 86, '  ', 0.99516666666666664, 0.99433333333333329)
(500, 394.13285207748413, 0.4564748175740242, 0.4564484480023384, 0.0017500074978452176)
(1000, 393.776526927948, 0.4739760785996914, 0.4739941252171993, 0.0017834179338533432)
(12000, 374)
(12000, 374)
('epoch: ', 87, '  ', 0.99450000000000005, 0.99433333333333318)
(500, 393.53809452056885, 0.4323751839399338, 0.43239483118057254, 0.0017734699491411448)
(1000, 392.0898218154907, 0.4574122294485569, 0.45742812860012055, 0.0018094481055159122)
(12000, 374)
(12000, 374)
('epoch: ', 88, '  ', 0.99366666666666659, 0.99283333333333346)
(500, 394.51150918006897, 0.42983559530973436, 0.42983178943395617, 0.0018065964560955764)
(1000, 392.2687623500824, 0.431562230437994, 0.4315505581498146, 0.0018263930398970843)
(12000, 374)
(12000, 374)
('epoch: ', 89, '  ', 0.99516666666666664, 0.99449999999999983)
(500, 395.1865711212158, 0.4171804992556572, 0.41717677664756775, 0.0018309258152730762)
(1000, 393.87172412872314, 0.42286739745736124, 0.42290729001164434, 0.001858512432547286)
(12000, 374)
(12000, 374)
('epoch: ', 90, '  ', 0.99366666666666659, 0.99416666666666664)
(500, 394.08208894729614, 0.3980714137852192, 0.39806861090660095, 0.0018499745468143374)
(1000, 393.57655453681946, 0.41888492947816847, 0.41891294708848, 0.0018891370438504965)
(12000, 374)
(12000, 374)
('epoch: ', 91, '  ', 0.99399999999999999, 0.99433333333333318)
(500, 393.8791127204895, 0.3938836704790592, 0.3938867270350456, 0.0018844727661926298)
(1000, 393.41196727752686, 0.40672961562871934, 0.406743526160717, 0.0019096916385460646)
(12000, 374)
(12000, 374)
('epoch: ', 92, '  ', 0.99283333333333323, 0.99283333333333323)
(500, 393.7915897369385, 0.37837883198261263, 0.3783638046681881, 0.001909696452319622)
(1000, 393.9065537452698, 0.39583384364843366, 0.3958548529744148, 0.0019367143511772155)
(12000, 374)
(12000, 374)
('epoch: ', 93, '  ', 0.9933333333333334, 0.99416666666666664)
(500, 395.1323444843292, 0.37118975558876993, 0.3711968946754932, 0.0019337212587706744)
(1000, 393.007936000824, 0.3867215047478676, 0.38669679474830626, 0.0019585108035244047)
(12000, 374)
(12000, 374)
('epoch: ', 94, '  ', 0.99349999999999983, 0.99266666666666659)
(500, 394.5826578140259, 0.36376600015163424, 0.3637752761244774, 0.001956982367206365)
(1000, 392.00053787231445, 0.37964777982234954, 0.3796551432311535, 0.0019877397394739093)
(12000, 374)
(12000, 374)
('epoch: ', 95, '  ', 0.99433333333333329, 0.99416666666666664)
(500, 391.49010038375854, 0.36402151867747307, 0.36400447484850884, 0.001989792571403086)
(1000, 388.7131862640381, 0.37855216345191, 0.3785788095295429, 0.002018966123461723)
(12000, 374)
(12000, 374)
('epoch: ', 96, '  ', 0.99383333333333324, 0.99499999999999988)
(500, 390.8477258682251, 0.34131633645296094, 0.34132292798161507, 0.0020031402660533786)
(1000, 390.9092650413513, 0.3744290808737278, 0.37443580147624017, 0.0020427528698928653)
(12000, 374)
(12000, 374)
('epoch: ', 97, '  ', 0.99366666666666659, 0.99350000000000005)
(500, 393.0670335292816, 0.3478674493134022, 0.34789400669932363, 0.0020341371996328234)
(1000, 391.1630914211273, 0.3706365203857422, 0.37067776733636854, 0.0020696063563227654)
(12000, 374)
(12000, 374)
('epoch: ', 98, '  ', 0.99133333333333318, 0.99233333333333318)
(500, 392.59746503829956, 0.3432249193787575, 0.3432240061163902, 0.0020577177344821393)
(1000, 391.8961093425751, 0.36250571194291115, 0.36248561957478526, 0.0020910214856266975)
(12000, 374)
(12000, 374)
('epoch: ', 99, '  ', 0.99450000000000005, 0.99366666666666659)
(500, 390.34540486335754, 0.3466788557469845, 0.34665747100114824, 0.002087807824835181)
(1000, 388.23355174064636, 0.3658563754558563, 0.3658574821949005, 0.002115618244279176)
(12000, 374)
(12000, 374)
('epoch: ', 100, '  ', 0.99366666666666659, 0.99349999999999983)
(500, 390.69882369041443, 0.34540256625413895, 0.34542950144410134, 0.0021120290155522527)
(1000, 390.23194909095764, 0.3672189178168774, 0.36720829603075983, 0.0021455336078070103)
(12000, 374)
(12000, 374)
('epoch: ', 101, '  ', 0.99349999999999983, 0.99466666666666659)
(500, 390.6658425331116, 0.34227909123897554, 0.3422966375350952, 0.002132073073182255)
(1000, 390.4681944847107, 0.3703192250728607, 0.3702919293344021, 0.0021680638617835937)
(12000, 374)
(12000, 374)
('epoch: ', 102, '  ', 0.99266666666666659, 0.99249999999999994)
(500, 393.1970679759979, 0.3410270527899265, 0.3410249063670635, 0.002151559294667095)
(1000, 395.78144121170044, 0.3579273294508457, 0.3579312290549278, 0.0021829696991480887)
(12000, 374)
(12000, 374)
('epoch: ', 103, '  ', 0.99416666666666664, 0.99383333333333324)
(500, 398.2324469089508, 0.3426215716600418, 0.34264724388718604, 0.002176244649570435)
(1000, 398.1597743034363, 0.36120869249105453, 0.36118202459812165, 0.002204322259873152)
(12000, 374)
(12000, 374)
('epoch: ', 104, '  ', 0.99350000000000005, 0.99199999999999977)
(500, 398.11756467819214, 0.3367778680622578, 0.33676165744662284, 0.002190457274205983)
(1000, 397.42022490501404, 0.37282144063711165, 0.37283299377560614, 0.002236866471823305)
(12000, 374)
(12000, 374)
('epoch: ', 105, '  ', 0.99199999999999999, 0.99099999999999999)
(500, 397.4892210960388, 0.33550873982906343, 0.3355152003467083, 0.002208761932794005)
(1000, 397.3764660358429, 0.37082277283072473, 0.3708444366157055, 0.0022476117461919785)
(12000, 374)
(12000, 374)
('epoch: ', 106, '  ', 0.99083333333333334, 0.99066666666666658)
(500, 397.3660900592804, 0.34803102898597715, 0.3480050695538521, 0.002239319468848407)
(1000, 398.7519721984863, 0.37467522695660593, 0.3746780161559582, 0.0022730968799442052)
(12000, 374)
(12000, 374)
('epoch: ', 107, '  ', 0.99316666666666664, 0.99383333333333324)
(500, 397.4081094264984, 0.3368339466154575, 0.33684559959173205, 0.002242386095225811)
(1000, 397.32652592658997, 0.37193596321344374, 0.37193023800849917, 0.002284938644617796)
(12000, 374)
(12000, 374)
('epoch: ', 108, '  ', 0.99433333333333329, 0.99416666666666664)
(500, 399.0421531200409, 0.34779878345131876, 0.3477969033420086, 0.0022752040675841274)
(1000, 397.92526507377625, 0.37898735946416856, 0.3789985159933567, 0.0023032610160298645)
(12000, 374)
(12000, 374)
('epoch: ', 109, '  ', 0.99299999999999977, 0.99266666666666659)
(500, 398.25585103034973, 0.3495008210539818, 0.3494991231262684, 0.0022894167541526256)
(1000, 397.9446256160736, 0.37736415466666223, 0.3773786253333092, 0.0023248831033706664)
(12000, 374)
(12000, 374)
('epoch: ', 110, '  ', 0.99350000000000005, 0.99316666666666664)
(500, 397.74115443229675, 0.2860501432418823, 0.2860452561378479, 0.0021074637142010034)
(1000, 396.9870593547821, 0.26892927987873555, 0.26893477104604246, 0.0019302436530124396)
(12000, 374)
(12000, 374)
('epoch: ', 111, '  ', 0.99383333333333324, 0.99550000000000005)
(500, 398.3725211620331, 0.25130006167292596, 0.25130530701577664, 0.0019000328409019857)
(1000, 398.3368134498596, 0.24804517003893853, 0.24801042272150517, 0.0018965133079327642)
(12000, 374)
(12000, 374)
('epoch: ', 112, '  ', 0.99483333333333324, 0.99533333333333329)
(500, 397.9281327724457, 0.23924025796353818, 0.23923983123898507, 0.0018943421796429902)
(1000, 396.62936329841614, 0.23865173134207726, 0.23865201410651207, 0.0018955405217129736)
(12000, 374)
(12000, 374)
('epoch: ', 113, '  ', 0.99433333333333318, 0.99499999999999988)
(500, 398.0900626182556, 0.23010983465611934, 0.23010692851245404, 0.001894463762640953)
(1000, 397.86999249458313, 0.22738483598828316, 0.22739082983136177, 0.0018955100805032998)
(12000, 374)
(12000, 374)
('epoch: ', 114, '  ', 0.99533333333333329, 0.99383333333333324)
(500, 398.52667760849, 0.22269774693250657, 0.22270225162804128, 0.0018942821698728948)
(1000, 398.13200759887695, 0.22295654131472112, 0.22297499406337737, 0.0018952793329954148)
(12000, 374)
(12000, 374)
('epoch: ', 115, '  ', 0.99433333333333329, 0.99466666666666659)
(500, 397.98955178260803, 0.2144551379531622, 0.2144693135768175, 0.001894648027373478)
(1000, 398.6566159725189, 0.21732362154126167, 0.21731733079254628, 0.0018962918487377466)
(12000, 374)
(12000, 374)
('epoch: ', 116, '  ', 0.99399999999999999, 0.99433333333333329)
(500, 396.23558163642883, 0.20836521202325822, 0.20836553655564785, 0.0018958381994161756)
(1000, 396.631609916687, 0.21180196608603, 0.21183181481063365, 0.0018968676852528007)
(12000, 374)
(12000, 374)
('epoch: ', 117, '  ', 0.99533333333333329, 0.99449999999999983)
(500, 397.3124101161957, 0.20324427363276482, 0.20326660948991776, 0.0018962134132161736)
(1000, 398.131219625473, 0.20653287222981453, 0.20654440940916538, 0.0018978865654207767)
(12000, 374)
(12000, 374)
('epoch: ', 118, '  ', 0.99449999999999983, 0.99433333333333318)
(500, 398.0452296733856, 0.20091903488337995, 0.2009403329640627, 0.0018973019933328033)
(1000, 398.76528215408325, 0.20124681074917317, 0.20123124006390572, 0.0018988997475244105)
(12000, 374)
(12000, 374)
('epoch: ', 119, '  ', 0.99533333333333329, 0.99449999999999983)
(500, 397.08109998703003, 0.1979979216903448, 0.19801203520596028, 0.00189844376523979)
(1000, 398.34121537208557, 0.19724915635585785, 0.19725739207863807, 0.0019001698680222035)
(12000, 374)
(12000, 374)
('epoch: ', 120, '  ', 0.99466666666666659, 0.99433333333333329)
(500, 397.2403492927551, 0.1924026901423931, 0.19241353158652783, 0.001899811720708385)
(1000, 398.17292976379395, 0.19239736926555634, 0.1923945415019989, 0.0019008967310655861)
(12000, 374)
(12000, 374)
('epoch: ', 121, '  ', 0.99433333333333329, 0.99299999999999999)
(500, 397.94031405448914, 0.18714762941002847, 0.18714522348344326, 0.0019007229337003081)
(1000, 397.8034791946411, 0.18733953940868378, 0.18732980544865133, 0.001901365248253569)
(12000, 374)
(12000, 374)
('epoch: ', 122, '  ', 0.99550000000000005, 0.99516666666666664)
(500, 397.7189462184906, 0.18430849316716194, 0.18431157706677914, 0.0019017497007735073)
(1000, 398.3054246902466, 0.18187420234084128, 0.18186271964013576, 0.0019025559697765856)
(12000, 374)
(12000, 374)
('epoch: ', 123, '  ', 0.99366666666666659, 0.99516666666666664)
(500, 398.02172446250916, 0.1768854825645685, 0.17688871924579144, 0.0019028581674210728)
(1000, 397.5271701812744, 0.18230248537659646, 0.18230807565152646, 0.0019045358374714851)
(12000, 374)
(12000, 374)
('epoch: ', 124, '  ', 0.99483333333333346, 0.9933333333333334)
(500, 396.19138407707214, 0.17419453790783881, 0.17419129396975042, 0.0019039011928252876)
(1000, 397.12496972084045, 0.1797688587605953, 0.17974572812020778, 0.001906209860695526)
(12000, 374)
(12000, 374)
('epoch: ', 125, '  ', 0.99483333333333346, 0.99483333333333324)
(500, 397.6993534564972, 0.17220208816230298, 0.17220150011777877, 0.0019055061128456145)
(1000, 398.4285960197449, 0.17371248142421244, 0.17371154570579528, 0.001906704243971035)
(12000, 374)
(12000, 374)
('epoch: ', 126, '  ', 0.99516666666666664, 0.99349999999999983)
(500, 397.21601581573486, 0.16978153336048127, 0.16978489126265048, 0.0019066872335970402)
(1000, 397.10530042648315, 0.17317095525562765, 0.17316129909455777, 0.0019080702541396021)
(12000, 374)
(12000, 374)
('epoch: ', 127, '  ', 0.99483333333333324, 0.99283333333333323)
(500, 397.44364070892334, 0.16602526357769967, 0.16601925019919872, 0.0019080745128449053)
(1000, 397.38609886169434, 0.16727730777859687, 0.16727411246299745, 0.0019088406728114933)
(12000, 374)
(12000, 374)
('epoch: ', 128, '  ', 0.99583333333333324, 0.99383333333333324)
(500, 398.28292298316956, 0.16393090622127057, 0.16394458381831645, 0.0019094442031346262)
(1000, 396.9293792247772, 0.16496390083432197, 0.16497755967080593, 0.001910565143218264)
(12000, 374)
(12000, 374)
('epoch: ', 129, '  ', 0.99516666666666664, 0.99450000000000005)
(500, 397.32366943359375, 0.16284924191236497, 0.16283563558757305, 0.001911183674354106)
(1000, 396.9940679073334, 0.16329236848652362, 0.16328152580559255, 0.0019121685454156249)
(12000, 374)
(12000, 374)
('epoch: ', 130, '  ', 0.99450000000000005, 0.99316666666666664)
(500, 398.96998286247253, 0.15728864005208015, 0.15728466738760472, 0.001911891114898026)
(1000, 397.6289494037628, 0.16097940991818904, 0.16098077246546746, 0.0019136066839564592)
(12000, 374)
(12000, 374)
('epoch: ', 131, '  ', 0.99550000000000005, 0.99366666666666659)
(500, 395.6587769985199, 0.1555696092247963, 0.15555648970603944, 0.001913407115964219)
(1000, 395.46473813056946, 0.1597154924273491, 0.15972650480270387, 0.0019148565749637783)
(12000, 374)
(12000, 374)
('epoch: ', 132, '  ', 0.99450000000000005, 0.99483333333333324)
(500, 392.15958547592163, 0.15117374643683434, 0.1511610352396965, 0.001914548670174554)
(1000, 392.1843957901001, 0.15340978471934796, 0.1534042920768261, 0.0019158135829493404)
(12000, 374)
(12000, 374)
('epoch: ', 133, '  ', 0.99550000000000005, 0.99349999999999983)
(500, 390.83670687675476, 0.15189296859502793, 0.15188787195086478, 0.0019165104732383042)
(1000, 392.07213306427, 0.149729376450181, 0.1497440271228552, 0.001916996248299256)
(12000, 374)
(12000, 374)
('epoch: ', 134, '  ', 0.99416666666666664, 0.99499999999999988)
(500, 394.4615273475647, 0.15013961112499238, 0.15013903798162936, 0.001917690585134551)
(1000, 393.6350476741791, 0.15307532791793346, 0.1530787479430437, 0.0019194242397788913)
(12000, 374)
(12000, 374)
('epoch: ', 135, '  ', 0.99533333333333329, 0.99299999999999999)
(500, 391.02230191230774, 0.1488642050474882, 0.14885788515210152, 0.0019194158201571554)
(1000, 391.95634388923645, 0.14513067464530469, 0.1451353848129511, 0.00191981520364061)
(12000, 374)
(12000, 374)
('epoch: ', 136, '  ', 0.99349999999999983, 0.99449999999999983)
(500, 393.5300235748291, 0.1469209505468607, 0.14690796814858914, 0.0019203563451301307)
(1000, 391.16973185539246, 0.14658849601447582, 0.14657960459589958, 0.0019220438683405518)
(12000, 374)
(12000, 374)
('epoch: ', 137, '  ', 0.99366666666666659, 0.99350000000000005)
(500, 390.49160528182983, 0.14244380174577237, 0.14244144846498966, 0.0019219564923550934)
(1000, 393.39295387268066, 0.14400778318941593, 0.14401513329148294, 0.0019230339368805289)
(12000, 374)
(12000, 374)
('epoch: ', 138, '  ', 0.99416666666666664, 0.99433333333333318)
(500, 393.5034384727478, 0.13796358653903007, 0.13796178953349592, 0.0019226975997444242)
(1000, 393.08636498451233, 0.14135770255327224, 0.14137111419439316, 0.001924247192684561)
(12000, 374)
(12000, 374)
('epoch: ', 139, '  ', 0.99466666666666659, 0.99366666666666659)
(500, 390.44465351104736, 0.13767249144613744, 0.13768713557720183, 0.0019245492822956294)
(1000, 392.576642036438, 0.13934088711440562, 0.1393224528580904, 0.0019256206734571605)
(12000, 374)
(12000, 374)
('epoch: ', 140, '  ', 0.99399999999999999, 0.99450000000000005)
(500, 391.2341687679291, 0.13544182769954205, 0.13544974118471145, 0.0019259149408899247)
(1000, 391.76292276382446, 0.14068281050026415, 0.14069191801548003, 0.0019277679959777744)
(12000, 374)
(12000, 374)
('epoch: ', 141, '  ', 0.99383333333333324, 0.99483333333333324)
(500, 392.5560510158539, 0.135577201962471, 0.13556846112012863, 0.001927472096402198)
(1000, 392.07124948501587, 0.13224435971677304, 0.1322343367487192, 0.0019278600085526705)
(12000, 374)
(12000, 374)
('epoch: ', 142, '  ', 0.99366666666666659, 0.99366666666666659)
(500, 390.2252974510193, 0.1321506418287754, 0.13214005321264266, 0.0019284693435765803)
(1000, 391.0171477794647, 0.1364857542514801, 0.13650082068145275, 0.0019307133900001645)
(12000, 374)
(12000, 374)
('epoch: ', 143, '  ', 0.99399999999999999, 0.99366666666666659)
(500, 391.5935673713684, 0.13101316207647323, 0.13101557868719102, 0.0019301963585894556)
(1000, 391.8736963272095, 0.13248876306414603, 0.1324754822999239, 0.0019313790549058468)
(12000, 374)
(12000, 374)
('epoch: ', 144, '  ', 0.99516666666666664, 0.99383333333333324)
(500, 392.21792101860046, 0.12952823273837566, 0.12952800427377223, 0.001931741904001683)
(1000, 393.2010428905487, 0.13029314017295837, 0.13028662478923797, 0.0019328213988337665)
(12000, 374)
(12000, 374)
('epoch: ', 145, '  ', 0.99450000000000005, 0.99233333333333318)
(500, 395.2159495353699, 0.12600311505794526, 0.12600458742678167, 0.0019328102425206454)
(1000, 392.7572293281555, 0.12880777440965174, 0.1288099340349436, 0.0019341032777447254)
(12000, 374)
(12000, 374)
('epoch: ', 146, '  ', 0.99433333333333329, 0.99416666666666664)
(500, 395.4677686691284, 0.1242144564986229, 0.12420290882885456, 0.0019344054996035993)
(1000, 393.8519546985626, 0.1264716136008501, 0.12648678374290467, 0.0019355684539768844)
(12000, 374)
(12000, 374)
('epoch: ', 147, '  ', 0.99466666666666659, 0.99483333333333324)
(500, 394.4361984729767, 0.12330607189238071, 0.12329110884666443, 0.0019354540845379234)
(1000, 393.3748781681061, 0.1218591628074646, 0.12184405225515366, 0.0019365397589281201)
(12000, 374)
(12000, 374)
('epoch: ', 148, '  ', 0.99416666666666664, 0.99366666666666659)
(500, 393.61745047569275, 0.12167223459482193, 0.12167820785939694, 0.0019371496299281717)
(1000, 394.4595937728882, 0.1222865031659603, 0.12227843292057514, 0.0019382256758399307)
(12000, 374)
(12000, 374)
('epoch: ', 149, '  ', 0.99449999999999983, 0.99449999999999983)
