6000
12000
data loader ok...
(500, 386.56987404823303, 9.491273969650269, 9.491616846084595, 0.0204331807575274)
(1000, 386.25657296180725, 7.870400036811828, 7.870926439285278, 0.012175678420811891)
(12000, 374)
(12000, 374)
('epoch: ', 0, '  ', 0.83216666666666672, 0.83383333333333332)
(500, 386.445006608963, 6.821787534713745, 6.820634258270264, 0.013241416530683637)
(1000, 387.119704246521, 5.7394553565979, 5.7397085332870486, 0.01508604633808136)
(12000, 374)
(12000, 374)
('epoch: ', 1, '  ', 0.89699999999999991, 0.89566666666666672)
(500, 386.3910744190216, 4.508933020114899, 4.509176895618439, 0.014177596651017666)
(1000, 386.6143481731415, 3.768166387081146, 3.768216528892517, 0.012530151357874273)
(12000, 374)
(12000, 374)
('epoch: ', 2, '  ', 0.94250000000000012, 0.94266666666666676)
(500, 387.25198435783386, 3.109300691604614, 3.1093859386444094, 0.011042218793183565)
(1000, 386.21729159355164, 2.817795145511627, 2.8179611353874208, 0.010347109790891408)
(12000, 374)
(12000, 374)
('epoch: ', 3, '  ', 0.95450000000000002, 0.9494999999999999)
(500, 386.81145334243774, 2.4558583085536956, 2.4557889010906218, 0.009469868391752243)
(1000, 387.1382567882538, 2.3508842685222624, 2.351105221748352, 0.009180524755269289)
(12000, 374)
(12000, 374)
('epoch: ', 4, '  ', 0.96250000000000002, 0.95899999999999996)
(500, 386.0946307182312, 2.102204066038132, 2.102356681585312, 0.00861048625037074)
(1000, 387.9021360874176, 2.073748728752136, 2.0738253178596495, 0.008514358287677168)
(12000, 374)
(12000, 374)
('epoch: ', 5, '  ', 0.97333333333333327, 0.97250000000000014)
(500, 387.3513460159302, 1.9098265583515168, 1.9096857924461366, 0.00814977204427123)
(1000, 387.40546584129333, 1.9235246381759643, 1.9234452204704284, 0.00815142465941608)
(12000, 374)
(12000, 374)
('epoch: ', 6, '  ', 0.97599999999999976, 0.97483333333333333)
(500, 387.4709577560425, 1.776697367668152, 1.7767091796398162, 0.007825947542674839)
(1000, 387.00193333625793, 1.8169852430820466, 1.8169198963642121, 0.00794836088269949)
(12000, 374)
(12000, 374)
('epoch: ', 7, '  ', 0.97666666666666657, 0.97616666666666663)
(500, 386.6873676776886, 1.680392098903656, 1.6803327469825744, 0.007633531070314348)
(1000, 387.7382695674896, 1.7456941452026367, 1.7456625769138336, 0.007812037976458669)
(12000, 374)
(12000, 374)
('epoch: ', 8, '  ', 0.97616666666666663, 0.97150000000000003)
(500, 386.87757658958435, 1.6090009303092956, 1.609037185907364, 0.00745889210421592)
(1000, 387.7366964817047, 1.6925049736499787, 1.6923665852546692, 0.007706184087321162)
(12000, 374)
(12000, 374)
('epoch: ', 9, '  ', 0.97783333333333344, 0.97916666666666674)
(500, 386.0400104522705, 1.5536347107887267, 1.5536028764247893, 0.0073527053007856015)
(1000, 388.0245656967163, 1.61280765914917, 1.612982729434967, 0.00751035179849714)
(12000, 374)
(12000, 374)
('epoch: ', 10, '  ', 0.97866666666666668, 0.97966666666666669)
(500, 387.58389163017273, 1.5079636253118516, 1.5079305950403215, 0.007247737752273679)
(1000, 386.4187662601471, 1.59259033370018, 1.5926163158416748, 0.007488927388563752)
(12000, 374)
(12000, 374)
('epoch: ', 11, '  ', 0.97916666666666663, 0.98116666666666674)
(500, 386.3138949871063, 1.480651812195778, 1.4806703617572785, 0.007220846494659781)
(1000, 386.4737823009491, 1.5710156722068787, 1.571050460577011, 0.007460716838017106)
(12000, 374)
(12000, 374)
('epoch: ', 12, '  ', 0.97983333333333333, 0.97783333333333322)
(500, 386.19221115112305, 1.4595224608182906, 1.4595439743995666, 0.007131283170543611)
(1000, 386.8774485588074, 1.540876478433609, 1.540868409872055, 0.007387023527175188)
(12000, 374)
(12000, 374)
('epoch: ', 13, '  ', 0.98249999999999993, 0.98299999999999998)
(500, 385.92456126213074, 1.4355055184364318, 1.4355519849061966, 0.007111524110659957)
(1000, 387.8861343860626, 1.5336327869892121, 1.5336030542850494, 0.007378077905625105)
(12000, 374)
(12000, 374)
('epoch: ', 14, '  ', 0.98100000000000009, 0.98183333333333334)
(500, 386.8977928161621, 1.3988461470603943, 1.3987584425210953, 0.007030037915334106)
(1000, 386.9370713233948, 1.484842656135559, 1.4848942697048186, 0.007266232432797551)
(12000, 374)
(12000, 374)
('epoch: ', 15, '  ', 0.98299999999999998, 0.98166666666666669)
(500, 387.6042721271515, 1.3801512752771377, 1.380190441250801, 0.006968870492652058)
(1000, 387.21949529647827, 1.4642274203300476, 1.4642524555921554, 0.00725528394524008)
(12000, 374)
(12000, 374)
('epoch: ', 16, '  ', 0.98233333333333328, 0.9803333333333335)
(500, 386.7725684642792, 1.389399657726288, 1.3894527595043182, 0.00702265458740294)
(1000, 387.11207342147827, 1.4485073947906495, 1.4485186222791673, 0.007190241473726928)
(12000, 374)
(12000, 374)
('epoch: ', 17, '  ', 0.98083333333333333, 0.98016666666666663)
(500, 386.4700095653534, 1.3544178512096405, 1.354380010843277, 0.006952141469344497)
(1000, 387.8385818004608, 1.4262622581720352, 1.4262159332036972, 0.007137078760191798)
(12000, 374)
(12000, 374)
('epoch: ', 18, '  ', 0.9846666666666668, 0.98516666666666663)
(500, 387.1620819568634, 1.3624774044752122, 1.3624660598039626, 0.006979172771796584)
(1000, 387.2290909290314, 1.4438124392032623, 1.4437875034809113, 0.007221790122799576)
(12000, 374)
(12000, 374)
('epoch: ', 19, '  ', 0.98283333333333345, 0.98266666666666658)
(500, 386.1227271556854, 1.3302128555774688, 1.3301826145648956, 0.006879647825844586)
(1000, 386.6182861328125, 1.4175958433151246, 1.4175981546640397, 0.0072030192585662)
(12000, 374)
(12000, 374)
('epoch: ', 20, '  ', 0.98183333333333311, 0.98216666666666674)
(500, 387.6188554763794, 1.3159442392587661, 1.3159730010032653, 0.006855989987961948)
(1000, 387.66815853118896, 1.4056851769685745, 1.4057268999814987, 0.007093082434497773)
(12000, 374)
(12000, 374)
('epoch: ', 21, '  ', 0.98650000000000004, 0.98349999999999993)
(500, 385.60261487960815, 1.3113778377771377, 1.311413745045662, 0.006859345531091094)
(1000, 387.74455761909485, 1.3865452481508256, 1.3865622919797898, 0.007082720180042088)
(12000, 374)
(12000, 374)
('epoch: ', 22, '  ', 0.98583333333333345, 0.98299999999999998)
(500, 387.5317904949188, 1.2971083691120149, 1.2970576314926148, 0.006812764387577772)
(1000, 387.4185137748718, 1.388587015748024, 1.3885757421255112, 0.007085683116689325)
(12000, 374)
(12000, 374)
('epoch: ', 23, '  ', 0.98499999999999999, 0.98333333333333339)
(500, 386.72745537757874, 1.2979440681934358, 1.2979520041942596, 0.006841602303087712)
(1000, 386.3460183143616, 1.3736091248989106, 1.3735817794799805, 0.007064716675318778)
(12000, 374)
(12000, 374)
('epoch: ', 24, '  ', 0.98350000000000004, 0.98333333333333339)
(500, 387.2710702419281, 1.28946557366848, 1.2894816014766692, 0.006796538077294826)
(1000, 386.65461468696594, 1.3834453222751617, 1.3834799216985703, 0.007068586070090532)
(12000, 374)
(12000, 374)
('epoch: ', 25, '  ', 0.98283333333333334, 0.98249999999999993)
(500, 385.5291106700897, 1.2691842350959779, 1.2691470004320144, 0.006809751004911959)
(1000, 387.3229637145996, 1.364022383570671, 1.3640404119491578, 0.007037726097740233)
(12000, 374)
(12000, 374)
('epoch: ', 26, '  ', 0.98449999999999993, 0.98249999999999993)
(500, 386.1830909252167, 1.2801279783248902, 1.2801429682970047, 0.006789666797965765)
(1000, 386.10020208358765, 1.3566061503887177, 1.3566707980632782, 0.007049786935560405)
(12000, 374)
(12000, 374)
('epoch: ', 27, '  ', 0.98083333333333333, 0.98216666666666674)
(500, 385.46130108833313, 1.2693126208782195, 1.2692650371789933, 0.006780274948105216)
(1000, 386.79792070388794, 1.3362014878988266, 1.3361346032619477, 0.006954433728009462)
(12000, 374)
(12000, 374)
('epoch: ', 28, '  ', 0.98583333333333323, 0.98483333333333323)
(500, 387.19572281837463, 1.2423464488983154, 1.2422727850675583, 0.006685790457762778)
(1000, 387.29379081726074, 1.3539010829925537, 1.3539176290035249, 0.006980616131797433)
(12000, 374)
(12000, 374)
('epoch: ', 29, '  ', 0.98433333333333339, 0.9846666666666668)
(500, 386.67519903182983, 1.244881272673607, 1.2448502703905107, 0.006712317467667163)
(1000, 386.2283089160919, 1.3483835616111755, 1.3484015898704529, 0.0069638849515467885)
(12000, 374)
(12000, 374)
('epoch: ', 30, '  ', 0.98716666666666664, 0.98583333333333323)
(500, 386.28661823272705, 1.2435160626173019, 1.2435032122135163, 0.006701201668009162)
(1000, 387.2849054336548, 1.3354825669527053, 1.3355036039352417, 0.0069357885960489515)
(12000, 374)
(12000, 374)
('epoch: ', 31, '  ', 0.98716666666666664, 0.98599999999999999)
(500, 386.83103370666504, 1.236034497499466, 1.235922696352005, 0.006665126548148692)
(1000, 386.7691593170166, 1.3387397027015686, 1.338717073559761, 0.00695825685095042)
(12000, 374)
(12000, 374)
('epoch: ', 32, '  ', 0.98233333333333328, 0.98049999999999993)
(500, 386.7417838573456, 1.2434172683954239, 1.2434105931520463, 0.00672377647459507)
(1000, 386.77190494537354, 1.3292570095062255, 1.3292462594509125, 0.006952877875417471)
(12000, 374)
(12000, 374)
('epoch: ', 33, '  ', 0.98666666666666658, 0.98666666666666669)
(500, 385.56392073631287, 1.2390953545570373, 1.2390417459011078, 0.0066935765072703365)
(1000, 386.2780282497406, 1.3196081845760346, 1.3196362609863281, 0.006935704205185175)
(12000, 374)
(12000, 374)
('epoch: ', 34, '  ', 0.9870000000000001, 0.98516666666666663)
(500, 387.0507228374481, 1.2254737941026688, 1.2254497225284577, 0.0066250901799649)
(1000, 387.31552600860596, 1.312541919708252, 1.3124729738235474, 0.006875358412973583)
(12000, 374)
(12000, 374)
('epoch: ', 35, '  ', 0.9860000000000001, 0.98683333333333345)
(500, 386.117160320282, 1.2206130001544953, 1.2206024870872498, 0.006621873464435339)
(1000, 386.15082025527954, 1.2968437657356262, 1.296838900089264, 0.006840361178852618)
(12000, 374)
(12000, 374)
('epoch: ', 36, '  ', 0.98750000000000004, 0.98683333333333323)
(500, 386.43889331817627, 1.2065902655124665, 1.206602264881134, 0.006613064334727824)
(1000, 386.96567726135254, 1.2999714496135713, 1.299958842396736, 0.0068377935104072095)
(12000, 374)
(12000, 374)
('epoch: ', 37, '  ', 0.98416666666666663, 0.98283333333333334)
(500, 387.78860211372375, 1.2124112784862517, 1.2124426891803741, 0.006612348691560328)
(1000, 386.9397840499878, 1.3216933101415633, 1.3216959170103073, 0.006925013409927488)
(12000, 374)
(12000, 374)
('epoch: ', 38, '  ', 0.98399999999999999, 0.98316666666666652)
(500, 386.09604144096375, 1.2051855648756027, 1.205115048289299, 0.006612983290106058)
(1000, 386.23054575920105, 1.2851475731134414, 1.285124186873436, 0.006778915375471115)
(12000, 374)
(12000, 374)
('epoch: ', 39, '  ', 0.98699999999999988, 0.98599999999999999)
(500, 386.28885650634766, 1.2142255953550338, 1.2142389104366302, 0.006607584393583238)
(1000, 386.22125697135925, 1.2928597435951232, 1.292903717160225, 0.006821378760039807)
(12000, 374)
(12000, 374)
('epoch: ', 40, '  ', 0.98633333333333328, 0.98699999999999988)
(500, 386.3604817390442, 1.2039812210798264, 1.2039619597196578, 0.0065638047326356174)
(1000, 385.94113206863403, 1.2770328896045684, 1.2769792982339858, 0.006755122701637447)
(12000, 374)
(12000, 374)
('epoch: ', 41, '  ', 0.98533333333333339, 0.98333333333333339)
(500, 385.7036736011505, 1.1852168949842452, 1.1851448088884353, 0.006519029112532735)
(1000, 386.4320058822632, 1.2857129592895509, 1.2857586389780045, 0.006774522445164621)
(12000, 374)
(12000, 374)
('epoch: ', 42, '  ', 0.98666666666666669, 0.98616666666666686)
(500, 385.12863087654114, 1.1867913962602616, 1.186749528646469, 0.006530217141844332)
(1000, 385.55430483818054, 1.275472508788109, 1.2754016323089599, 0.0067498780628666285)
(12000, 374)
(12000, 374)
('epoch: ', 43, '  ', 0.98650000000000004, 0.98483333333333323)
(500, 385.9442262649536, 1.2007890113592148, 1.2007037153244018, 0.006530656204558909)
(1000, 385.94404315948486, 1.2726158530712128, 1.2725921367406845, 0.006755227436311543)
(12000, 374)
(12000, 374)
('epoch: ', 44, '  ', 0.98499999999999999, 0.98483333333333323)
(500, 385.70520281791687, 1.199762231707573, 1.1997509523630143, 0.006539354243315756)
(1000, 386.48855328559875, 1.282533197760582, 1.2825987008810043, 0.006711228814907372)
(12000, 374)
(12000, 374)
('epoch: ', 45, '  ', 0.98633333333333328, 0.98733333333333329)
(500, 385.12582516670227, 1.20006864631176, 1.2000556900501251, 0.006515345050022006)
(1000, 385.503586769104, 1.2574984867572785, 1.2575828403234481, 0.006688450073823333)
(12000, 374)
(12000, 374)
('epoch: ', 46, '  ', 0.98449999999999993, 0.98566666666666669)
(500, 385.0769672393799, 1.1961199716329574, 1.196096216917038, 0.006458146857097745)
(1000, 386.6385724544525, 1.2743925850391389, 1.274459851026535, 0.006697697230614722)
(12000, 374)
(12000, 374)
('epoch: ', 47, '  ', 0.98383333333333334, 0.98416666666666686)
(500, 385.4567492008209, 1.1714939173460006, 1.1714966322183609, 0.006404576966539025)
(1000, 385.4424228668213, 1.2579415949583053, 1.2579290493726731, 0.006632622257806361)
(12000, 374)
(12000, 374)
('epoch: ', 48, '  ', 0.98766666666666669, 0.98483333333333345)
(500, 386.5831606388092, 1.1839919095039368, 1.1839565078020096, 0.0064434535000473265)
(1000, 385.34985995292664, 1.2733268551826478, 1.2733106374740601, 0.006670277372002602)
(12000, 374)
(12000, 374)
('epoch: ', 49, '  ', 0.98616666666666664, 0.98216666666666674)
(500, 386.2125794887543, 1.1814262940883637, 1.1813600354194642, 0.006438915421254933)
(1000, 385.96990394592285, 1.2489913431406021, 1.2490581151247024, 0.0065910664228722455)
(12000, 374)
(12000, 374)
('epoch: ', 50, '  ', 0.98883333333333323, 0.9880000000000001)
(500, 385.2708933353424, 1.1814609220027923, 1.1814252557754517, 0.0064227948281914)
(1000, 385.48825669288635, 1.255755040049553, 1.2556971654891969, 0.006623216526582837)
(12000, 374)
(12000, 374)
('epoch: ', 51, '  ', 0.98533333333333339, 0.98333333333333339)
(500, 386.3288676738739, 1.1765355122089387, 1.1765704498291016, 0.0063914249120280145)
(1000, 386.07458686828613, 1.235036877989769, 1.2350343331098557, 0.006538729819469154)
(12000, 374)
(12000, 374)
('epoch: ', 52, '  ', 0.98433333333333339, 0.98566666666666658)
(500, 388.28115153312683, 1.1640615082979202, 1.1640857108831406, 0.006344395713880658)
(1000, 390.21459460258484, 1.2744267698526381, 1.2743442069292068, 0.006636755887418986)
(12000, 374)
(12000, 374)
('epoch: ', 53, '  ', 0.98666666666666669, 0.98399999999999999)
(500, 389.0383040904999, 1.1703729470968247, 1.1704090094566346, 0.006377588360570371)
(1000, 389.6624073982239, 1.2430120495557786, 1.2429969185590743, 0.006523411362431944)
(12000, 374)
(12000, 374)
('epoch: ', 54, '  ', 0.98716666666666664, 0.98583333333333323)
(500, 389.03955149650574, 1.1722750722169877, 1.1722830877304078, 0.006346155286766589)
(1000, 389.6900565624237, 1.2462276982069016, 1.2462524889707565, 0.006519943106919527)
(12000, 374)
(12000, 374)
('epoch: ', 55, '  ', 0.98766666666666669, 0.98699999999999988)
(500, 388.743928194046, 1.1607541159391404, 1.160714904665947, 0.006319871394895017)
(1000, 390.79051065444946, 1.2439683102369308, 1.2440772743225097, 0.006528064929880202)
(12000, 374)
(12000, 374)
('epoch: ', 56, '  ', 0.98816666666666664, 0.98816666666666675)
(500, 387.941689491272, 1.1638020397424698, 1.1638232032060623, 0.006301548480987549)
(1000, 385.84954500198364, 1.2653239991664886, 1.2653776391744613, 0.006550848898477853)
(12000, 374)
(12000, 374)
('epoch: ', 57, '  ', 0.98483333333333323, 0.98483333333333323)
(500, 386.94959020614624, 1.1477585542201996, 1.1477949608564377, 0.0062699855109676714)
(1000, 386.6828215122223, 1.2350337094068526, 1.235056809425354, 0.006491348581388593)
(12000, 374)
(12000, 374)
('epoch: ', 58, '  ', 0.98766666666666669, 0.98566666666666669)
(500, 385.9508798122406, 1.1751148698329925, 1.1751441764831543, 0.006287831518799067)
(1000, 386.4948539733887, 1.2277546125650405, 1.227730211853981, 0.0064594891406595705)
(12000, 374)
(12000, 374)
('epoch: ', 59, '  ', 0.98783333333333334, 0.98783333333333334)
(500, 386.2909200191498, 1.1603250062465669, 1.1602663816213608, 0.006242429263889789)
(1000, 385.9684555530548, 1.2354036761522293, 1.2353458013534546, 0.006461278405971825)
(12000, 374)
(12000, 374)
('epoch: ', 60, '  ', 0.98733333333333329, 0.98816666666666675)
(500, 385.6661446094513, 1.1552425149679184, 1.155237444639206, 0.00625377559568733)
(1000, 386.27476954460144, 1.2437213300466536, 1.243695415377617, 0.0064286366123706105)
(12000, 374)
(12000, 374)
('epoch: ', 61, '  ', 0.98433333333333339, 0.98583333333333345)
(500, 385.8956198692322, 1.1447928984165192, 1.1447955516576767, 0.006185233124531806)
(1000, 385.8707540035248, 1.2370832509994507, 1.237085283279419, 0.006436559008434415)
(12000, 374)
(12000, 374)
('epoch: ', 62, '  ', 0.98566666666666669, 0.98233333333333328)
(500, 386.7529158592224, 1.142219877243042, 1.1422289652824402, 0.006181208549067378)
(1000, 386.00083923339844, 1.2313756514787675, 1.2313346967697143, 0.006418900738470256)
(12000, 374)
(12000, 374)
('epoch: ', 63, '  ', 0.98899999999999988, 0.98766666666666647)
(500, 390.89344215393066, 1.1641819914579392, 1.1641518560647965, 0.006259094651788473)
(1000, 391.3554971218109, 1.229787847161293, 1.2297714031934739, 0.006383047084324062)
(12000, 374)
(12000, 374)
('epoch: ', 64, '  ', 0.98616666666666664, 0.98683333333333323)
(500, 388.2669053077698, 1.15413440823555, 1.1540711653232574, 0.0061844659885391595)
(1000, 388.0907881259918, 1.2202444777488708, 1.2202453252077103, 0.006365630926564335)
(12000, 374)
(12000, 374)
('epoch: ', 65, '  ', 0.98733333333333317, 0.98650000000000004)
(500, 388.43503499031067, 1.1592674227952957, 1.1592800244092942, 0.006180950754322112)
(1000, 387.9233486652374, 1.2288679914474487, 1.2288505860567094, 0.006366319205611945)
(12000, 374)
(12000, 374)
('epoch: ', 66, '  ', 0.98599999999999999, 0.98683333333333345)
(500, 389.60813307762146, 1.14339608001709, 1.1434350472688675, 0.0061454368373379115)
(1000, 388.77574372291565, 1.2491183421611787, 1.249111249089241, 0.006406704070046544)
(12000, 374)
(12000, 374)
('epoch: ', 67, '  ', 0.98766666666666669, 0.9860000000000001)
(500, 389.8374876976013, 1.155355046272278, 1.1553224284648895, 0.006178014968521893)
(1000, 389.0372507572174, 1.2168339812755584, 1.2167577458620071, 0.006326961968094111)
(12000, 374)
(12000, 374)
('epoch: ', 68, '  ', 0.98799999999999988, 0.98733333333333329)
(500, 389.2459728717804, 1.1390296026468276, 1.1390608330965042, 0.00610006878618151)
(1000, 389.0120084285736, 1.2364630064964295, 1.236530070066452, 0.006354548773728311)
(12000, 374)
(12000, 374)
('epoch: ', 69, '  ', 0.98883333333333334, 0.9870000000000001)
(500, 388.0939838886261, 1.1548266674280168, 1.1547836546897887, 0.00613717380631715)
(1000, 387.95326042175293, 1.2236044840812683, 1.2235319595336913, 0.0063191511835902926)
(12000, 374)
(12000, 374)
('epoch: ', 70, '  ', 0.98816666666666664, 0.98650000000000004)
(500, 389.9671220779419, 1.1466459147930146, 1.1466404322385788, 0.006089901589788497)
(1000, 388.9053723812103, 1.23027388215065, 1.2302275513410568, 0.006317148143425584)
(12000, 374)
(12000, 374)
('epoch: ', 71, '  ', 0.98866666666666669, 0.98883333333333323)
(500, 388.4941463470459, 1.125008420944214, 1.1250190035104752, 0.0060344547200948)
(1000, 387.60879254341125, 1.2265023250579834, 1.2265016061067582, 0.006296904385089874)
(12000, 374)
(12000, 374)
('epoch: ', 72, '  ', 0.98583333333333345, 0.98499999999999999)
(500, 388.6545009613037, 1.1407881420850754, 1.1407498532533646, 0.0060575797595083716)
(1000, 387.6484477519989, 1.2309149866104125, 1.230946917295456, 0.006330651525408029)
(12000, 374)
(12000, 374)
('epoch: ', 73, '  ', 0.98949999999999994, 0.98866666666666647)
(500, 390.26865220069885, 1.1331788167953492, 1.1331945751905441, 0.006046154264360666)
(1000, 388.66790103912354, 1.2256347986459732, 1.2256234778165818, 0.00627878638356924)
(12000, 374)
(12000, 374)
('epoch: ', 74, '  ', 0.98683333333333345, 0.9880000000000001)
(500, 388.24711775779724, 1.1398443878889084, 1.139909782886505, 0.0060565555030480025)
(1000, 388.76321029663086, 1.2320147191286086, 1.231983773946762, 0.0063057956667616965)
(12000, 374)
(12000, 374)
('epoch: ', 75, '  ', 0.9890000000000001, 0.98750000000000004)
(500, 388.86734199523926, 1.1360594058036804, 1.1360645408630372, 0.006038864087313414)
(1000, 388.83288073539734, 1.2084221851825714, 1.2084445152282715, 0.0062184030506759885)
(12000, 374)
(12000, 374)
('epoch: ', 76, '  ', 0.98716666666666664, 0.98866666666666669)
(500, 389.3213188648224, 1.132116736292839, 1.1321559691429137, 0.006014925426803529)
(1000, 387.3856806755066, 1.2028755419254302, 1.202996526837349, 0.006220481019467115)
(12000, 374)
(12000, 374)
('epoch: ', 77, '  ', 0.98966666666666669, 0.98883333333333334)
(500, 390.09243392944336, 1.1350588042736054, 1.1350754656791686, 0.005988629333674908)
(1000, 388.85546493530273, 1.2231224616765977, 1.2231448879241944, 0.006241630201227963)
(12000, 374)
(12000, 374)
('epoch: ', 78, '  ', 0.98683333333333323, 0.98766666666666647)
(500, 391.8356103897095, 1.1340744333267212, 1.1340707783699036, 0.006006071085110307)
(1000, 388.974650144577, 1.2008457782268525, 1.2009095000028611, 0.006184389127418399)
(12000, 374)
(12000, 374)
('epoch: ', 79, '  ', 0.98733333333333329, 0.98666666666666669)
(500, 388.86421823501587, 1.1369330464601517, 1.1368921056985855, 0.005979882401414216)
(1000, 388.45242643356323, 1.2310924100875855, 1.2311175926923752, 0.006237106160260737)
(12000, 374)
(12000, 374)
('epoch: ', 80, '  ', 0.98966666666666669, 0.98883333333333334)
(500, 389.4306423664093, 0.8213332815170288, 0.821361733019352, 0.002742813374148682)
(1000, 388.5316114425659, 0.7353454782366753, 0.7353716753721237, 0.0017018768333364278)
(12000, 374)
(12000, 374)
('epoch: ', 81, '  ', 0.99399999999999999, 0.99383333333333324)
(500, 388.86027479171753, 0.6558882720470428, 0.655900936126709, 0.0016513134313281626)
(1000, 389.00863575935364, 0.6371571887135505, 0.6371742768883705, 0.0016582539731170981)
(12000, 374)
(12000, 374)
('epoch: ', 82, '  ', 0.99350000000000005, 0.99333333333333318)
(500, 393.0554392337799, 0.5897542542815208, 0.589725670158863, 0.0016483860940206796)
(1000, 390.97370886802673, 0.5772585488259793, 0.5772428070902824, 0.0016615174049511552)
(12000, 374)
(12000, 374)
('epoch: ', 83, '  ', 0.99316666666666664, 0.99283333333333323)
(500, 391.44674730300903, 0.5431888470351696, 0.5431853047311306, 0.0016585514461621642)
(1000, 389.03573536872864, 0.5476697796583175, 0.5477160063385963, 0.0016809509294107557)
(12000, 374)
(12000, 374)
('epoch: ', 84, '  ', 0.99383333333333324, 0.99266666666666681)
(500, 388.6234829425812, 0.5203351494669914, 0.520344567000866, 0.0016859563570469618)
(1000, 389.4263150691986, 0.5055724903941154, 0.5055665018260479, 0.0016964450844097882)
(12000, 374)
(12000, 374)
('epoch: ', 85, '  ', 0.99233333333333318, 0.9923333333333334)
(500, 389.6071050167084, 0.48647332575917246, 0.48649134331941607, 0.0017020017637405544)
(1000, 388.40312671661377, 0.49210917791724207, 0.49212157136201856, 0.0017276162332855165)
(12000, 374)
(12000, 374)
('epoch: ', 86, '  ', 0.99399999999999999, 0.9933333333333334)
(500, 388.8595058917999, 0.46621651607751846, 0.4661856567263603, 0.0017291234445292502)
(1000, 389.0586702823639, 0.46632091999053954, 0.4663278936743736, 0.0017502208198420703)
(12000, 374)
(12000, 374)
('epoch: ', 87, '  ', 0.99416666666666664, 0.9936666666666667)
(500, 387.85174322128296, 0.4379568350315094, 0.4379839208126068, 0.0017521470398642123)
(1000, 387.96423983573914, 0.44760855540633204, 0.4476189167201519, 0.001773459775839001)
(12000, 374)
(12000, 374)
('epoch: ', 88, '  ', 0.99199999999999999, 0.99383333333333324)
(500, 388.6725285053253, 0.42119552406668664, 0.4212073483765125, 0.001777361176442355)
(1000, 388.1762340068817, 0.4392897830307484, 0.43930780491232874, 0.0018122597474139184)
(12000, 374)
(12000, 374)
('epoch: ', 89, '  ', 0.99450000000000005, 0.99399999999999999)
(500, 389.07100224494934, 0.4135601690709591, 0.4135791400074959, 0.001807829512283206)
(1000, 387.5623607635498, 0.413607077896595, 0.4135921519100666, 0.0018313063066452743)
(12000, 374)
(12000, 374)
('epoch: ', 90, '  ', 0.99266666666666681, 0.99366666666666659)
(500, 388.79069566726685, 0.3994640363454819, 0.3994769256412983, 0.0018356834594160318)
(1000, 388.0565721988678, 0.40879969522356985, 0.40881332966685296, 0.0018624408782925456)
(12000, 374)
(12000, 374)
('epoch: ', 91, '  ', 0.99299999999999999, 0.99299999999999999)
(500, 389.4602692127228, 0.38179894641041756, 0.38180085545778275, 0.0018582703559659422)
(1000, 387.65825867652893, 0.3993957979381084, 0.39939079120755194, 0.0018931020556483419)
(12000, 374)
(12000, 374)
('epoch: ', 92, '  ', 0.99383333333333324, 0.99350000000000005)
(500, 389.7832350730896, 0.3790794282257557, 0.3790756865441799, 0.0018914021709933878)
(1000, 385.8849587440491, 0.3861168716549873, 0.3861275954544544, 0.001919502428965643)
(12000, 374)
(12000, 374)
('epoch: ', 93, '  ', 0.99366666666666659, 0.99166666666666659)
(500, 386.9736454486847, 0.36834888517856595, 0.36831254383921624, 0.0019179949555546045)
(1000, 389.98652362823486, 0.39259112963080406, 0.39256148219108583, 0.001957082276698202)
(12000, 374)
(12000, 374)
('epoch: ', 94, '  ', 0.99383333333333324, 0.99266666666666659)
(500, 389.0148491859436, 0.35536564311385155, 0.355366798132658, 0.0019454476251266897)
(1000, 388.92071318626404, 0.3786458788216114, 0.3786371925473213, 0.001979163040407002)
(12000, 374)
(12000, 374)
('epoch: ', 95, '  ', 0.99266666666666659, 0.99199999999999977)
(500, 388.08880066871643, 0.35659571379423144, 0.3565859696865082, 0.001975583544699475)
(1000, 388.46135234832764, 0.37907063055038454, 0.37905850312113765, 0.0020079089989885686)
(12000, 374)
(12000, 374)
('epoch: ', 96, '  ', 0.99366666666666659, 0.9933333333333334)
(500, 388.481498003006, 0.34597801756858826, 0.346011451035738, 0.001996341288089752)
(1000, 389.07271242141724, 0.36988248318433764, 0.3699076932370663, 0.002034334859345108)
(12000, 374)
(12000, 374)
('epoch: ', 97, '  ', 0.99216666666666664, 0.99249999999999994)
(500, 389.36681604385376, 0.3470735722184181, 0.3470878957808018, 0.0020260492684319614)
(1000, 389.642546415329, 0.36827064856886865, 0.36825097104907034, 0.0020627965703606606)
(12000, 374)
(12000, 374)
('epoch: ', 98, '  ', 0.99116666666666653, 0.99149999999999994)
(500, 391.00082898139954, 0.3470934883952141, 0.3470633290410042, 0.0020620413008145986)
(1000, 389.8107223510742, 0.36470446348190305, 0.36469316452741624, 0.0020864247418940066)
(12000, 374)
(12000, 374)
('epoch: ', 99, '  ', 0.99449999999999983, 0.99416666666666664)
(500, 389.83607721328735, 0.34366926100850104, 0.34364428877830505, 0.0020812665806151927)
(1000, 389.35873770713806, 0.3628763193488121, 0.36286433893442155, 0.002111747501883656)
(12000, 374)
(12000, 374)
('epoch: ', 100, '  ', 0.99349999999999983, 0.99333333333333318)
(500, 390.0723123550415, 0.33555514219403265, 0.33554550451040266, 0.002101224722340703)
(1000, 390.7237215042114, 0.35806918269395827, 0.3580701366364956, 0.0021347252568230035)
(12000, 374)
(12000, 374)
('epoch: ', 101, '  ', 0.99249999999999994, 0.99266666666666681)
(500, 391.3936984539032, 0.3444418777823448, 0.3444607489705086, 0.0021325707812793553)
(1000, 387.0802674293518, 0.36104968494176864, 0.3610676154792309, 0.0021646097418852152)
(12000, 374)
(12000, 374)
('epoch: ', 102, '  ', 0.99299999999999977, 0.99349999999999983)
(500, 388.1713583469391, 0.34230844470858574, 0.3423168343901634, 0.0021517615537159146)
(1000, 386.50974130630493, 0.36355396205186846, 0.3635528766214848, 0.0021883653528057038)
(12000, 374)
(12000, 374)
('epoch: ', 103, '  ', 0.99416666666666664, 0.99350000000000005)
(500, 386.8370223045349, 0.33709062975645065, 0.33708830663561823, 0.002170667967759073)
(1000, 386.053097486496, 0.3640407790839672, 0.36403400444984435, 0.0022112368852831425)
(12000, 374)
(12000, 374)
('epoch: ', 104, '  ', 0.99349999999999983, 0.99216666666666664)
(500, 386.70288014411926, 0.330211506485939, 0.330216365814209, 0.0021894513927400113)
(1000, 386.79971170425415, 0.3641050326228142, 0.36412202516198156, 0.0022320476775057616)
(12000, 374)
(12000, 374)
('epoch: ', 105, '  ', 0.99449999999999983, 0.99433333333333329)
(500, 385.25459575653076, 0.34121308794617655, 0.3412363832592964, 0.002212142222095281)
(1000, 386.6252269744873, 0.365714390963316, 0.3657328760623932, 0.0022502550249919296)
(12000, 374)
(12000, 374)
('epoch: ', 106, '  ', 0.9933333333333334, 0.99199999999999999)
(500, 387.05592250823975, 0.33851699623465537, 0.33852053302526475, 0.0022330905138514935)
(1000, 386.79305481910706, 0.3692631584703922, 0.36927445301413536, 0.002270941084716469)
(12000, 374)
(12000, 374)
('epoch: ', 107, '  ', 0.99266666666666659, 0.99116666666666653)
(500, 387.54972314834595, 0.34403263238072396, 0.34402642318606375, 0.0022562679913826285)
(1000, 386.635635137558, 0.3665647492110729, 0.3665401653051376, 0.0022856524246744813)
(12000, 374)
(12000, 374)
('epoch: ', 108, '  ', 0.99216666666666653, 0.9903333333333334)
(500, 387.229784488678, 0.3403445848822594, 0.340341986656189, 0.0022702767425216734)
(1000, 386.27057433128357, 0.3697089003026485, 0.3696796102523804, 0.0023038801779039202)
(12000, 374)
(12000, 374)
('epoch: ', 109, '  ', 0.99249999999999994, 0.99099999999999999)
(500, 387.66969203948975, 0.3407335515022278, 0.3407451387941837, 0.002282930875662714)
(1000, 386.4878828525543, 0.36935751330852507, 0.3693523534834385, 0.002317806084174663)
(12000, 374)
(12000, 374)
('epoch: ', 110, '  ', 0.99383333333333324, 0.99350000000000005)
(500, 386.365727186203, 0.2857413211166859, 0.2857296516895294, 0.0021282938374206422)
(1000, 386.6083791255951, 0.2645473259091377, 0.264562533095479, 0.0019399519562721252)
(12000, 374)
(12000, 374)
('epoch: ', 111, '  ', 0.99399999999999999, 0.99383333333333346)
(500, 386.50580620765686, 0.24398166690766812, 0.24396182912588119, 0.0019060260853730141)
(1000, 386.59431982040405, 0.24579078269004823, 0.2457852295935154, 0.001902742730686441)
(12000, 374)
(12000, 374)
('epoch: ', 112, '  ', 0.99316666666666664, 0.99316666666666664)
(500, 386.92166543006897, 0.23235518334805966, 0.23235381062328817, 0.0019003880640957504)
(1000, 386.6448805332184, 0.23515217599272728, 0.23514321538805963, 0.0019016323534306139)
(12000, 374)
(12000, 374)
('epoch: ', 113, '  ', 0.99516666666666664, 0.99450000000000005)
(500, 386.15699005126953, 0.2275334797203541, 0.22753229673206807, 0.0019004813660867513)
(1000, 386.3507809638977, 0.22066764444112777, 0.22068315134942532, 0.0019003383666276932)
(12000, 374)
(12000, 374)
('epoch: ', 114, '  ', 0.99416666666666664, 0.99199999999999999)
(500, 386.4692702293396, 0.21097547976672648, 0.2109526131004095, 0.001899748147232458)
(1000, 387.2243721485138, 0.21627993877232074, 0.21628958721458913, 0.0019011433643754572)
(12000, 374)
(12000, 374)
('epoch: ', 115, '  ', 0.99399999999999999, 0.99216666666666664)
(500, 386.0725564956665, 0.21087925004959107, 0.2108803848028183, 0.0019014286268502474)
(1000, 387.18708181381226, 0.2081160731166601, 0.2081260405778885, 0.0019019082619342953)
(12000, 374)
(12000, 374)
('epoch: ', 116, '  ', 0.99433333333333329, 0.99266666666666659)
(500, 387.0243694782257, 0.20216215513646602, 0.20215838524699212, 0.0019013870244380087)
(1000, 386.4651861190796, 0.20163439060747623, 0.20164847552776335, 0.0019024008286651225)
(12000, 374)
(12000, 374)
('epoch: ', 117, '  ', 0.9946666666666667, 0.9933333333333334)
(500, 386.1754984855652, 0.19510726502537729, 0.19510571378469468, 0.0019019635529257358)
(1000, 387.14900398254395, 0.19732684700191022, 0.19731905913352965, 0.001903537170495838)
(12000, 374)
(12000, 374)
('epoch: ', 118, '  ', 0.99350000000000005, 0.9936666666666667)
(500, 387.31305742263794, 0.19487247724831105, 0.1949188162535429, 0.001903874423354864)
(1000, 386.22386050224304, 0.195980346724391, 0.19599514196813106, 0.0019053099814336748)
(12000, 374)
(12000, 374)
('epoch: ', 119, '  ', 0.99399999999999999, 0.99299999999999999)
(500, 386.1651566028595, 0.18463764667510987, 0.18463715068995953, 0.00190381000447087)
(1000, 387.02184677124023, 0.18835630024969577, 0.1883440598398447, 0.0019056550713721662)
(12000, 374)
(12000, 374)
('epoch: ', 120, '  ', 0.99516666666666664, 0.99366666666666659)
(500, 386.84652614593506, 0.18606727772951126, 0.18606873089075088, 0.0019058554235380143)
(1000, 386.7535433769226, 0.18548446886241435, 0.18546891337633134, 0.0019068743328098207)
(12000, 374)
(12000, 374)
('epoch: ', 121, '  ', 0.99433333333333329, 0.99350000000000005)
(500, 386.54885172843933, 0.1818478092700243, 0.181850841447711, 0.0019074060844723134)
(1000, 386.95391297340393, 0.1838403693586588, 0.18384677343070507, 0.0019082912772428245)
(12000, 374)
(12000, 374)
('epoch: ', 122, '  ', 0.99466666666666659, 0.99333333333333318)
(500, 386.1667127609253, 0.17447630862891675, 0.17447986401617527, 0.0019082654693629592)
(1000, 386.89871525764465, 0.17651811015605925, 0.17651648588478566, 0.0019093143120408058)
(12000, 374)
(12000, 374)
('epoch: ', 123, '  ', 0.99350000000000005, 0.99316666666666664)
(500, 386.7714514732361, 0.17649991230666637, 0.1765113942474127, 0.0019101182934828102)
(1000, 386.5502972602844, 0.17591993440687656, 0.17590936267375945, 0.0019112813647370786)
(12000, 374)
(12000, 374)
('epoch: ', 124, '  ', 0.99383333333333346, 0.99183333333333334)
(500, 387.65886545181274, 0.16883246217668058, 0.16882885864377023, 0.001910348809324205)
(1000, 386.129433631897, 0.1723660594969988, 0.17234869484603405, 0.001912112854188308)
(12000, 374)
(12000, 374)
('epoch: ', 125, '  ', 0.99516666666666664, 0.99283333333333346)
(500, 385.83553314208984, 0.17162247624993324, 0.17161420005559921, 0.0019130363087169827)
(1000, 386.3677077293396, 0.17133436778187752, 0.17135247860848904, 0.0019138345220126212)
(12000, 374)
(12000, 374)
('epoch: ', 126, '  ', 0.99433333333333329, 0.99383333333333324)
(500, 386.9804289340973, 0.16449322721362114, 0.1645017274916172, 0.001913488249760121)
(1000, 387.4886853694916, 0.16751313129067422, 0.1675133773237467, 0.001915193740511313)
(12000, 374)
(12000, 374)
('epoch: ', 127, '  ', 0.99516666666666675, 0.9933333333333334)
(500, 387.05828499794006, 0.16034451094269753, 0.1603324854373932, 0.0019148617018945515)
(1000, 386.5063464641571, 0.16310064561665058, 0.1630889893770218, 0.0019162666199263186)
(12000, 374)
(12000, 374)
('epoch: ', 128, '  ', 0.99316666666666664, 0.99466666666666659)
(500, 385.92277002334595, 0.15788267074525356, 0.1578783539533615, 0.0019161279865074902)
(1000, 387.315416097641, 0.15651989713311196, 0.1565079786479473, 0.0019168537880759687)
(12000, 374)
(12000, 374)
('epoch: ', 129, '  ', 0.99433333333333329, 0.99283333333333323)
(500, 387.0755889415741, 0.15547754719853402, 0.15546112623810768, 0.0019175162948668002)
(1000, 387.64598512649536, 0.15876149119436742, 0.15877745343744754, 0.001919235214125365)
(12000, 374)
(12000, 374)
('epoch: ', 130, '  ', 0.99399999999999999, 0.99450000000000005)
(500, 386.0688588619232, 0.15196991766989232, 0.15196916207671166, 0.0019188987417146563)
(1000, 386.85885977745056, 0.15384990902245044, 0.15384771724045276, 0.0019201500038616359)
(12000, 374)
(12000, 374)
('epoch: ', 131, '  ', 0.99466666666666659, 0.9913333333333334)
(500, 387.69403624534607, 0.15116310569643973, 0.15115486524999142, 0.0019202208551578224)
(1000, 386.19464325904846, 0.15228592002391816, 0.1522763370126486, 0.0019215765688568353)
(12000, 374)
(12000, 374)
('epoch: ', 132, '  ', 0.99516666666666664, 0.99316666666666664)
(500, 386.9898474216461, 0.14978302729129792, 0.14979585997760295, 0.0019220897192135454)
(1000, 386.71508717536926, 0.14939166539907456, 0.14936038061976434, 0.0019228700078092516)
(12000, 374)
(12000, 374)
('epoch: ', 133, '  ', 0.99249999999999994, 0.99216666666666653)
(500, 386.6390619277954, 0.14539227513968944, 0.1453943353742361, 0.0019232844526413829)
(1000, 387.87880277633667, 0.14615805026888848, 0.14615506833791733, 0.0019241815591230988)
(12000, 374)
(12000, 374)
('epoch: ', 134, '  ', 0.99399999999999999, 0.99316666666666664)
(500, 387.48722076416016, 0.1432786184847355, 0.14328204086422922, 0.0019245861305389553)
(1000, 386.5140345096588, 0.1477879820019007, 0.14778189884126186, 0.0019262461827602238)
(12000, 374)
(12000, 374)
('epoch: ', 135, '  ', 0.99416666666666664, 0.99416666666666664)
(500, 385.78331112861633, 0.14382040283083916, 0.14381916758418084, 0.0019265143345110118)
(1000, 387.0167076587677, 0.14190692321956158, 0.14192250990867614, 0.0019268420040607452)
(12000, 374)
(12000, 374)
('epoch: ', 136, '  ', 0.99483333333333324, 0.99399999999999999)
(500, 386.6829402446747, 0.13642332588136197, 0.13641567151248454, 0.0019267662540078164)
(1000, 388.0204744338989, 0.14073225136101247, 0.14075218580663204, 0.001928616873919964)
(12000, 374)
(12000, 374)
('epoch: ', 137, '  ', 0.99316666666666664, 0.99116666666666675)
(500, 386.6101906299591, 0.13653224210441112, 0.13654046377539636, 0.0019284677950199692)
(1000, 387.18207335472107, 0.13952843734622003, 0.13953957085311414, 0.0019305847310461103)
(12000, 374)
(12000, 374)
('epoch: ', 138, '  ', 0.99533333333333329, 0.9933333333333334)
(500, 386.16318917274475, 0.13438085186481477, 0.13439370499551295, 0.0019300141620915384)
(1000, 386.70995259284973, 0.13719842743873595, 0.1372176381200552, 0.0019316710163839162)
(12000, 374)
(12000, 374)
('epoch: ', 139, '  ', 0.99383333333333324, 0.99350000000000005)
(500, 385.7105598449707, 0.1331695737838745, 0.13316714650392533, 0.0019316267061512918)
(1000, 386.6370961666107, 0.13554164890944959, 0.1355341509282589, 0.0019333039177581667)
(12000, 374)
(12000, 374)
('epoch: ', 140, '  ', 0.9936666666666667, 0.99283333333333323)
(500, 385.87888860702515, 0.13071817342936992, 0.13072120121121406, 0.0019332553141284735)
(1000, 386.4211573600769, 0.13062858587503434, 0.1306354421377182, 0.0019340222266037018)
(12000, 374)
(12000, 374)
('epoch: ', 141, '  ', 0.99583333333333324, 0.99483333333333346)
(500, 385.58190155029297, 0.12866023156046869, 0.12866163235902786, 0.0019345180972013623)
(1000, 386.16586422920227, 0.12975226096808912, 0.1297528617978096, 0.001935466677416116)
(12000, 374)
(12000, 374)
('epoch: ', 142, '  ', 0.99383333333333324, 0.99266666666666659)
(500, 385.54197788238525, 0.12944703191518783, 0.12945556844770909, 0.0019363775113597512)
(1000, 386.66361021995544, 0.12669926999509334, 0.12671476025879383, 0.0019368497407995164)
(12000, 374)
(12000, 374)
('epoch: ', 143, '  ', 0.9946666666666667, 0.99299999999999999)
(500, 386.4633846282959, 0.12544258868694305, 0.12542972172796726, 0.0019375416925176978)
(1000, 387.5403583049774, 0.12810246966779232, 0.1281149589419365, 0.0019390075379051269)
(12000, 374)
(12000, 374)
('epoch: ', 144, '  ', 0.99533333333333329, 0.99399999999999999)
(500, 386.17698907852173, 0.1218447034060955, 0.12184527173638343, 0.0019385795756243168)
(1000, 387.2894079685211, 0.1257867933064699, 0.12578385229408742, 0.0019404195772949606)
(12000, 374)
(12000, 374)
('epoch: ', 145, '  ', 0.99433333333333329, 0.99283333333333323)
(500, 386.2527723312378, 0.12382400572299958, 0.1238227701485157, 0.0019405777582433075)
(1000, 387.4944887161255, 0.12398701258003712, 0.12399673855304719, 0.0019415629466529936)
(12000, 374)
(12000, 374)
('epoch: ', 146, '  ', 0.99399999999999999, 0.99399999999999999)
(500, 386.2907667160034, 0.118869802236557, 0.1188737705051899, 0.0019416454893071205)
(1000, 387.1334762573242, 0.12117470279335976, 0.1211794321835041, 0.001942998185986653)
(12000, 374)
(12000, 374)
('epoch: ', 147, '  ', 0.99416666666666664, 0.99350000000000005)
(500, 386.0197503566742, 0.11873221226036548, 0.11873504762351512, 0.0019431296633556484)
(1000, 387.2296893596649, 0.11941711188852787, 0.11941599392890931, 0.0019440952348522842)
(12000, 374)
(12000, 374)
('epoch: ', 148, '  ', 0.9933333333333334, 0.99366666666666659)
(500, 386.02968430519104, 0.11793940503895282, 0.11793978975713253, 0.001944859632756561)
(1000, 387.1357843875885, 0.11994127801060676, 0.11995671533048152, 0.0019460556835401803)
(12000, 374)
(12000, 374)
('epoch: ', 149, '  ', 0.9933333333333334, 0.99283333333333323)
